0 0.857031 0.589063 0.092188 0.065625
0 0.725000 0.591406 0.037500 0.026562
0 0.325000 0.635156 0.081250 0.079687
0 0.025000 0.631250 0.031250 0.068750
2 0.767969 0.662500 0.460938 0.137500
2 0.458594 0.618750 0.029687 0.028125
4 0.716406 0.438281 0.564063 0.345313
4 0.325000 0.451562 0.215625 0.343750
5 0.450781 0.465625 0.089063 0.031250
5 0.808594 0.551562 0.076563 0.009375
5 0.662500 0.582031 0.071875 0.057813
5 0.550781 0.582031 0.054688 0.048438
5 0.310937 0.590625 0.031250 0.034375
5 0.473438 0.593750 0.009375 0.028125
6 0.178906 0.737500 0.039062 0.009375
