0 0.297656 0.614062 0.014063 0.065625
0 0.389844 0.605469 0.010937 0.045312
1 0.183594 0.700000 0.042188 0.134375
2 0.606250 0.652344 0.287500 0.357812
2 0.877344 0.642969 0.242188 0.220312
2 0.376563 0.607031 0.012500 0.017188
4 0.425000 0.497656 0.103125 0.276562
4 0.500000 0.520312 0.071875 0.093750
5 0.035156 0.062500 0.070312 0.121875
5 0.944531 0.401562 0.039062 0.056250
5 0.050000 0.457031 0.100000 0.110937
5 0.327344 0.503125 0.148438 0.093750
5 0.429688 0.541406 0.075000 0.079687
5 0.690625 0.547656 0.021875 0.051562
5 0.065625 0.592969 0.025000 0.045312
7 0.157812 0.678906 0.018750 0.048438
