0 0.092969 0.757031 0.020313 0.035937
2 0.165625 0.802344 0.331250 0.145313
2 0.791406 0.760938 0.104688 0.050000
2 0.454688 0.761719 0.134375 0.035937
2 0.571094 0.770312 0.042188 0.037500
4 0.946094 0.609375 0.104688 0.353125
4 0.748437 0.609375 0.025000 0.031250
4 0.390625 0.650000 0.034375 0.031250
4 0.735156 0.735156 0.051562 0.048438
5 0.773438 0.603125 0.081250 0.090625
5 0.620313 0.685937 0.031250 0.162500
5 0.267969 0.660156 0.020313 0.057813
5 0.500000 0.685156 0.009375 0.023438
5 0.939844 0.736719 0.117188 0.079687
6 0.721875 0.846094 0.034375 0.004687
