0 0.841406 0.645312 0.007812 0.037500
2 0.157031 0.631250 0.079687 0.165625
2 0.339844 0.639062 0.267188 0.181250
2 0.068750 0.624219 0.084375 0.073438
2 0.762500 0.650781 0.156250 0.051562
2 0.939844 0.678906 0.117188 0.101562
4 0.507031 0.535156 0.023438 0.007812
4 0.700781 0.592969 0.104688 0.089063
4 0.864844 0.565625 0.017188 0.018750
5 0.635938 0.543750 0.231250 0.100000
5 0.298438 0.560937 0.075000 0.037500
5 0.847656 0.564063 0.014063 0.034375
5 0.968750 0.582031 0.056250 0.045312
6 0.332031 0.836719 0.057813 0.020313
8 0.567187 0.644531 0.190625 0.045312
