0 0.225781 0.730469 0.110937 0.310937
0 0.152344 0.715625 0.035937 0.112500
0 0.303906 0.684375 0.042188 0.031250
0 0.818750 0.720313 0.021875 0.096875
0 0.689844 0.700000 0.092188 0.037500
2 0.377344 0.713281 0.064062 0.076563
2 0.557813 0.710156 0.165625 0.067187
2 0.039844 0.738281 0.079687 0.085938
4 0.522656 0.633594 0.173437 0.101562
4 0.285938 0.637500 0.068750 0.081250
4 0.662500 0.664062 0.009375 0.031250
4 0.041406 0.695312 0.007812 0.028125
5 0.674219 0.671094 0.079687 0.085938
5 0.863281 0.663281 0.045312 0.048438
6 0.797656 0.856250 0.082812 0.018750
