0 0.893750 0.678906 0.071875 0.067187
0 0.578125 0.685156 0.012500 0.054688
0 0.995313 0.688281 0.006250 0.054688
0 0.478125 0.689063 0.012500 0.050000
0 0.792188 0.719531 0.046875 0.045312
2 0.279687 0.725781 0.146875 0.126562
2 0.417969 0.722656 0.107813 0.114062
2 0.036719 0.723437 0.073438 0.059375
4 0.528906 0.631250 0.148438 0.184375
4 0.106250 0.658594 0.137500 0.060937
4 0.248438 0.659375 0.128125 0.059375
4 0.796094 0.692187 0.170313 0.068750
5 0.189844 0.650000 0.017188 0.006250
5 0.509375 0.689063 0.025000 0.056250
7 0.510156 0.702344 0.035937 0.039062
