0 0.210156 0.651563 0.032813 0.112500
0 0.948438 0.707031 0.025000 0.060937
2 0.246094 0.625781 0.154688 0.120313
2 0.017188 0.647656 0.034375 0.110937
2 0.760156 0.720313 0.214062 0.168750
2 0.534375 0.740625 0.178125 0.196875
2 0.942969 0.709375 0.110937 0.056250
4 0.779687 0.595313 0.109375 0.115625
4 0.562500 0.622656 0.059375 0.048438
5 0.128906 0.341406 0.110937 0.164062
5 0.358594 0.541406 0.182812 0.073438
5 0.809375 0.587500 0.215625 0.165625
5 0.660156 0.582031 0.007812 0.023438
6 0.826562 0.976562 0.125000 0.043750
