0 0.810156 0.617188 0.079687 0.087500
0 0.705469 0.625781 0.079687 0.089063
2 0.963281 0.784375 0.070312 0.428125
2 0.362500 0.695312 0.321875 0.193750
2 0.685937 0.634375 0.093750 0.065625
2 0.536719 0.628906 0.020313 0.026562
3 0.928125 0.674219 0.096875 0.179688
3 0.749219 0.632812 0.007812 0.021875
4 0.622656 0.595313 0.010937 0.015625
5 0.966406 0.489063 0.064062 0.084375
5 0.848437 0.507812 0.031250 0.018750
5 0.717969 0.554688 0.039062 0.062500
5 0.473438 0.558594 0.056250 0.057813
5 0.796094 0.621875 0.010937 0.037500
