0 0.452344 0.521094 0.042188 0.073438
1 0.917969 0.654687 0.114062 0.118750
1 0.952344 0.629687 0.014063 0.015625
1 0.951562 0.956250 0.093750 0.084375
2 0.164062 0.459375 0.078125 0.050000
2 0.692187 0.553906 0.146875 0.051562
2 0.854688 0.552344 0.059375 0.045312
4 0.261719 0.356250 0.451562 0.350000
4 0.453906 0.329688 0.114062 0.268750
4 0.571094 0.392188 0.148438 0.315625
4 0.025781 0.370312 0.014063 0.028125
5 0.038281 0.241406 0.067187 0.151562
5 0.382812 0.292187 0.025000 0.043750
5 0.401562 0.469531 0.040625 0.095312
5 0.854688 0.506250 0.037500 0.031250
