0 0.963281 0.442188 0.060937 0.125000
0 0.871875 0.477344 0.056250 0.142187
0 0.761719 0.535937 0.039062 0.106250
0 0.682031 0.560937 0.048438 0.153125
0 0.382812 0.636719 0.115625 0.085938
0 0.083594 0.739062 0.048438 0.206250
0 0.293750 0.670312 0.037500 0.043750
0 0.017969 0.755469 0.017188 0.045312
1 0.392969 0.664844 0.067187 0.054688
2 0.932813 0.459375 0.087500 0.059375
2 0.582812 0.575000 0.168750 0.100000
2 0.160938 0.714063 0.125000 0.084375
4 0.991406 0.493750 0.014063 0.034375
4 0.354687 0.578125 0.156250 0.153125
5 0.987500 0.389062 0.021875 0.087500
5 0.646094 0.512500 0.104688 0.053125
5 0.518750 0.542188 0.090625 0.034375
5 0.582812 0.535156 0.018750 0.020313
5 0.030469 0.709375 0.054688 0.025000
6 0.667188 0.604688 0.021875 0.009375
6 0.499219 0.710938 0.060937 0.031250
