0 0.982031 0.760938 0.032813 0.215625
0 0.359375 0.682031 0.009375 0.020313
0 0.190625 0.751563 0.031250 0.078125
2 0.666406 0.809375 0.285938 0.303125
2 0.432812 0.701562 0.034375 0.034375
2 0.335938 0.750000 0.140625 0.115625
2 0.944531 0.755469 0.045312 0.073438
3 0.015625 0.781250 0.031250 0.050000
4 0.022656 0.609375 0.045312 0.128125
4 0.399219 0.617188 0.107813 0.109375
5 0.260156 0.645312 0.020313 0.018750
5 0.152344 0.655469 0.054688 0.032813
6 0.348438 0.846875 0.056250 0.006250
6 0.034375 0.886719 0.068750 0.023438
6 0.952344 0.962500 0.092188 0.021875
