0 0.782813 0.564844 0.168750 0.123438
0 0.889844 0.556250 0.048438 0.087500
0 0.657031 0.538281 0.045312 0.035937
2 0.391406 0.595313 0.348438 0.153125
2 0.604688 0.562500 0.068750 0.071875
2 0.110156 0.567969 0.110937 0.042188
2 0.112500 0.735938 0.225000 0.237500
3 0.185156 0.565625 0.020313 0.018750
4 0.091406 0.283594 0.182812 0.542188
5 0.371094 0.405469 0.010937 0.014063
5 0.518750 0.480469 0.128125 0.064062
5 0.774219 0.502344 0.092188 0.032813
5 0.882812 0.541406 0.012500 0.064062
7 0.696094 0.546094 0.007812 0.029687
7 0.050781 0.585938 0.014063 0.034375
