0 0.394531 0.521094 0.007812 0.029687
1 0.359375 0.530469 0.025000 0.017188
2 0.685937 0.553125 0.109375 0.034375
2 0.827344 0.558594 0.070312 0.032813
4 0.881250 0.185156 0.234375 0.370312
4 0.916406 0.455469 0.079687 0.107813
4 0.714063 0.503125 0.159375 0.112500
4 0.898438 0.618750 0.200000 0.165625
5 0.184375 0.117188 0.050000 0.018750
5 0.151562 0.316406 0.025000 0.076563
5 0.039062 0.435937 0.015625 0.028125
5 0.239063 0.432031 0.028125 0.010937
5 0.471094 0.453906 0.098437 0.051562
5 0.374219 0.453125 0.042188 0.018750
6 0.628125 0.614844 0.087500 0.014063
7 0.131250 0.494531 0.103125 0.042188
