0 0.107813 0.746094 0.131250 0.073438
0 0.233594 0.736719 0.010937 0.051562
1 0.175781 0.749219 0.070312 0.045312
2 0.552344 0.797656 0.239063 0.235937
2 0.760156 0.755469 0.123438 0.089063
2 0.122656 0.727344 0.026562 0.014063
2 0.265625 0.742188 0.053125 0.043750
4 0.210938 0.576562 0.015625 0.015625
5 0.556250 0.189844 0.106250 0.204687
5 0.503125 0.346875 0.012500 0.225000
5 0.121094 0.445312 0.029687 0.268750
5 0.623437 0.525000 0.015625 0.218750
5 0.501563 0.544531 0.109375 0.160938
5 0.355469 0.614844 0.145313 0.160938
5 0.291406 0.651563 0.010937 0.096875
5 0.566406 0.650781 0.082812 0.060937
5 0.481250 0.657813 0.053125 0.056250
5 0.871094 0.643750 0.095312 0.025000
5 0.801562 0.687500 0.031250 0.087500
5 0.042188 0.722656 0.012500 0.042188
7 0.995313 0.766406 0.006250 0.048438
