0 0.096094 0.580469 0.192188 0.382812
0 0.321094 0.467187 0.101562 0.146875
0 0.228125 0.486719 0.034375 0.173437
0 0.771875 0.442188 0.056250 0.078125
0 0.646875 0.437500 0.015625 0.056250
0 0.400000 0.444531 0.046875 0.067187
2 0.924219 0.447656 0.148438 0.073438
2 0.460938 0.439844 0.084375 0.051562
4 0.346875 0.322656 0.090625 0.195312
5 0.117969 0.247656 0.235937 0.223438
5 0.839063 0.328906 0.071875 0.017188
5 0.693750 0.344531 0.031250 0.017188
5 0.294531 0.452344 0.017188 0.048438
6 0.808594 0.535937 0.051562 0.006250
6 0.482031 0.541406 0.048438 0.014063
8 0.594531 0.667969 0.035937 0.039062
8 0.667969 0.807813 0.060937 0.087500
