0 0.953125 0.342187 0.075000 0.075000
0 0.628906 0.435156 0.057813 0.114062
0 0.447656 0.439844 0.014063 0.029687
1 0.956250 0.542188 0.084375 0.346875
1 0.735156 0.571094 0.195312 0.217188
2 0.089844 0.593750 0.179688 0.456250
2 0.219531 0.602344 0.160938 0.395313
2 0.356250 0.459375 0.131250 0.068750
4 0.232813 0.223438 0.321875 0.446875
4 0.055469 0.232031 0.110937 0.348438
4 0.384375 0.325000 0.021875 0.028125
5 0.949219 0.035156 0.070312 0.070312
5 0.808594 0.160938 0.029687 0.050000
5 0.722656 0.307812 0.054688 0.071875
5 0.355469 0.296094 0.048438 0.017188
5 0.549219 0.422656 0.070312 0.164062
5 0.650000 0.369531 0.015625 0.020313
5 0.249219 0.406250 0.048438 0.015625
