0 0.543750 0.628906 0.050000 0.051562
0 0.717187 0.625781 0.050000 0.020313
0 0.889844 0.646094 0.079687 0.054688
0 0.805469 0.632812 0.017188 0.018750
2 0.438281 0.645312 0.164062 0.087500
2 0.297656 0.631250 0.089063 0.053125
2 0.189844 0.653906 0.085938 0.085938
3 0.049219 0.704688 0.098437 0.187500
3 0.205469 0.626563 0.095312 0.031250
3 0.344531 0.625781 0.007812 0.023438
3 0.467969 0.628125 0.014063 0.021875
3 0.586719 0.638281 0.029687 0.032813
3 0.124219 0.746875 0.076563 0.193750
5 0.807813 0.350781 0.034375 0.045312
5 0.672656 0.481250 0.032813 0.025000
5 0.877344 0.595313 0.057813 0.087500
5 0.778906 0.661719 0.014063 0.026562
6 0.784375 0.684375 0.021875 0.006250
7 0.599219 0.646094 0.010937 0.029687
