0 0.957812 0.339844 0.037500 0.114062
0 0.726562 0.338281 0.006250 0.029687
0 0.474219 0.387500 0.023438 0.046875
0 0.146875 0.435156 0.012500 0.039062
2 0.925000 0.329688 0.146875 0.078125
2 0.646875 0.353906 0.050000 0.032813
2 0.834375 0.355469 0.006250 0.023438
2 0.346875 0.409375 0.040625 0.040625
2 0.007031 0.478125 0.014063 0.037500
3 0.824219 0.353125 0.020313 0.034375
3 0.096094 0.446875 0.026562 0.028125
4 0.541406 0.309375 0.276562 0.153125
4 0.700000 0.296875 0.031250 0.056250
5 0.840625 0.250000 0.153125 0.090625
5 0.929688 0.221094 0.018750 0.017188
5 0.489063 0.386719 0.012500 0.023438
