0 0.789062 0.459375 0.015625 0.106250
0 0.333594 0.479687 0.017188 0.046875
0 0.431250 0.476562 0.028125 0.037500
0 0.550781 0.477344 0.007812 0.020313
2 0.471875 0.474219 0.021875 0.029687
3 0.307812 0.489063 0.009375 0.025000
4 0.376563 0.314063 0.556250 0.318750
4 0.792969 0.390625 0.007812 0.043750
5 0.667188 0.166406 0.065625 0.185938
5 0.250781 0.417969 0.079687 0.107813
5 0.068750 0.434375 0.100000 0.040625
5 0.011719 0.442188 0.007812 0.025000
5 0.592969 0.453125 0.010937 0.043750
6 0.645312 0.614062 0.043750 0.015625
6 0.696875 0.765625 0.090625 0.059375
