0 0.920312 0.727344 0.090625 0.085938
0 0.671875 0.739062 0.146875 0.090625
0 0.773438 0.731250 0.021875 0.071875
0 0.504687 0.729688 0.015625 0.059375
0 0.360938 0.744531 0.100000 0.079687
0 0.065625 0.740625 0.021875 0.050000
1 0.614844 0.749219 0.057813 0.045312
1 0.460938 0.751563 0.031250 0.040625
1 0.121875 0.746875 0.012500 0.015625
2 0.138281 0.759375 0.201563 0.090625
2 0.010156 0.738281 0.020313 0.032813
4 0.984375 0.698438 0.028125 0.018750
5 0.614844 0.636719 0.032813 0.079687
7 0.656250 0.750000 0.012500 0.040625
