2 0.237500 0.388281 0.475000 0.179688
2 0.508594 0.332813 0.048438 0.028125
2 0.610938 0.335938 0.037500 0.025000
3 0.328906 0.353906 0.014063 0.039062
3 0.319531 0.914062 0.492188 0.168750
3 0.759375 0.981250 0.168750 0.034375
4 0.528125 0.300781 0.125000 0.092188
4 0.280469 0.285938 0.089063 0.050000
5 0.657031 0.150781 0.170313 0.292187
5 0.086719 0.120313 0.117188 0.228125
5 0.846875 0.091406 0.171875 0.082812
5 0.062500 0.236719 0.125000 0.135937
5 0.832812 0.217969 0.134375 0.039062
5 0.181250 0.279687 0.100000 0.065625
5 0.442188 0.304688 0.065625 0.078125
5 0.864062 0.353906 0.090625 0.126562
5 0.586719 0.303125 0.004687 0.018750
6 0.840625 0.490625 0.043750 0.009375
