0 0.496875 0.733594 0.056250 0.114062
0 0.760156 0.817969 0.070312 0.276562
0 0.217969 0.826562 0.064062 0.265625
0 0.367969 0.818750 0.123438 0.240625
2 0.223438 0.728906 0.218750 0.098437
2 0.053125 0.729688 0.106250 0.071875
2 0.391406 0.728906 0.085938 0.067187
2 0.722656 0.735156 0.192188 0.057813
2 0.958594 0.742188 0.079687 0.068750
2 0.593750 0.730469 0.050000 0.010937
4 0.925781 0.396094 0.135937 0.445312
4 0.757031 0.268750 0.064062 0.178125
4 0.539844 0.637500 0.126562 0.181250
5 0.546875 0.697656 0.009375 0.067187
5 0.925781 0.697656 0.007812 0.023438
6 0.638281 0.874219 0.079687 0.020313
7 0.428125 0.737500 0.018750 0.025000
