0 0.373437 0.666406 0.084375 0.226562
0 0.293750 0.664844 0.078125 0.189062
0 0.410938 0.622656 0.006250 0.045312
0 0.885156 0.628906 0.017188 0.048438
1 0.762500 0.660937 0.037500 0.040625
2 0.603906 0.695312 0.226562 0.221875
2 0.731250 0.655469 0.031250 0.073438
2 0.922656 0.670312 0.151562 0.093750
2 0.537500 0.790625 0.090625 0.106250
4 0.625000 0.539062 0.090625 0.178125
5 0.068750 0.378125 0.137500 0.506250
5 0.196094 0.523438 0.076563 0.103125
5 0.915625 0.521875 0.128125 0.078125
5 0.265625 0.568750 0.003125 0.034375
5 0.780469 0.567187 0.042188 0.028125
5 0.521094 0.571094 0.004687 0.023438
