0 0.700781 0.642188 0.010937 0.034375
0 0.178906 0.640625 0.007812 0.028125
1 0.444531 0.648438 0.029687 0.021875
2 0.791406 0.632031 0.132812 0.035937
2 0.582031 0.660156 0.139063 0.085938
2 0.069531 0.641406 0.120313 0.032813
2 0.239844 0.639844 0.182812 0.029687
2 0.357812 0.639844 0.043750 0.026562
3 0.404687 0.650000 0.015625 0.021875
3 0.669531 0.671875 0.014063 0.043750
4 0.182031 0.460156 0.364063 0.401562
4 0.994531 0.457813 0.007812 0.043750
4 0.722656 0.634375 0.085938 0.018750
4 0.012500 0.678125 0.025000 0.084375
5 0.951562 0.439063 0.065625 0.290625
5 0.299219 0.521094 0.135937 0.085938
5 0.582031 0.572656 0.120313 0.054688
