0 0.176563 0.523438 0.100000 0.043750
0 0.275000 0.571094 0.078125 0.117188
0 0.033594 0.540625 0.014063 0.015625
0 0.388281 0.560156 0.089063 0.054688
0 0.457031 0.540625 0.023438 0.015625
0 0.521875 0.758594 0.015625 0.045312
2 0.543750 0.519531 0.059375 0.014063
2 0.203906 0.537500 0.135937 0.031250
2 0.051562 0.573438 0.103125 0.078125
2 0.810937 0.583594 0.090625 0.048438
2 0.919531 0.636719 0.035937 0.042188
2 0.798438 0.696094 0.168750 0.101562
2 0.603906 0.975000 0.154688 0.046875
2 0.305469 0.985938 0.082812 0.025000
4 0.178125 0.460156 0.031250 0.057813
4 0.341406 0.462500 0.039062 0.056250
4 0.007031 0.470313 0.014063 0.018750
5 0.759375 0.505469 0.112500 0.048438
5 0.908594 0.534375 0.179688 0.084375
6 0.778125 0.845313 0.018750 0.009375
6 0.969531 0.983594 0.023438 0.010937
8 0.124219 0.550000 0.189062 0.021875
8 0.357031 0.570312 0.060937 0.025000
8 0.119531 0.641406 0.239063 0.101562
