0 0.446094 0.753125 0.157812 0.137500
0 0.178125 0.767188 0.025000 0.131250
0 0.541406 0.734375 0.042188 0.059375
0 0.342969 0.732031 0.023438 0.035937
1 0.388281 0.785156 0.104688 0.123438
1 0.060937 0.771875 0.065625 0.056250
2 0.503125 0.724219 0.059375 0.042188
2 0.257812 0.763281 0.153125 0.117188
2 0.093750 0.762500 0.187500 0.090625
3 0.355469 0.759375 0.045312 0.068750
3 0.131250 0.791406 0.093750 0.101562
4 0.605469 0.192969 0.223438 0.385937
4 0.505469 0.174219 0.023438 0.042188
4 0.582812 0.475000 0.137500 0.196875
4 0.683594 0.425000 0.045312 0.075000
6 0.768750 0.955469 0.046875 0.014063
7 0.491406 0.803906 0.035937 0.104688
