0 0.792969 0.640625 0.026562 0.065625
0 0.939063 0.629687 0.021875 0.021875
2 0.329688 0.628906 0.290625 0.342187
2 0.798438 0.796875 0.400000 0.403125
2 0.852344 0.635156 0.054688 0.048438
3 0.635938 0.627344 0.018750 0.029687
3 0.821875 0.629687 0.009375 0.031250
4 0.196094 0.153125 0.392188 0.306250
4 0.440625 0.238281 0.012500 0.026562
4 0.890625 0.296094 0.040625 0.039062
4 0.853906 0.450000 0.017188 0.012500
5 0.055469 0.485156 0.095312 0.229687
5 0.564844 0.566406 0.195312 0.095312
5 0.178125 0.569531 0.084375 0.064062
5 0.842187 0.599219 0.031250 0.042188
5 0.552344 0.601562 0.017188 0.034375
7 0.891406 0.653906 0.014063 0.035937
