0 0.021875 0.677344 0.043750 0.170313
2 0.103906 0.636719 0.070312 0.067187
4 0.079687 0.560156 0.087500 0.167187
5 0.400000 0.041406 0.096875 0.082812
5 0.755469 0.014063 0.485938 0.028125
5 0.328125 0.167187 0.103125 0.159375
5 0.285156 0.272656 0.017188 0.045312
5 0.214062 0.461719 0.100000 0.232813
5 0.425781 0.471875 0.023438 0.112500
5 0.315625 0.502344 0.012500 0.117188
5 0.232031 0.544531 0.023438 0.079687
5 0.059375 0.604688 0.100000 0.062500
5 0.930469 0.594531 0.023438 0.039062
6 0.022656 0.845313 0.045312 0.025000
