0 0.678125 0.490625 0.006250 0.043750
0 0.808594 0.503125 0.045312 0.068750
2 0.049219 0.423438 0.098437 0.106250
2 0.354687 0.439063 0.056250 0.025000
2 0.530469 0.468750 0.029687 0.031250
2 0.657031 0.484375 0.042188 0.053125
2 0.810937 0.503906 0.031250 0.035937
3 0.574219 0.485156 0.010937 0.017188
3 0.838281 0.509375 0.017188 0.018750
4 0.253125 0.403906 0.315625 0.089063
4 0.266406 0.380469 0.035937 0.023438
5 0.889062 0.262500 0.218750 0.256250
5 0.712500 0.265625 0.128125 0.146875
5 0.410156 0.325781 0.089063 0.092188
5 0.636719 0.388281 0.107813 0.129688
5 0.007031 0.353906 0.014063 0.017188
5 0.410938 0.394531 0.037500 0.035937
5 0.195312 0.406250 0.009375 0.015625
5 0.962500 0.498437 0.028125 0.031250
8 0.067187 0.484375 0.134375 0.075000
