0 0.617969 0.714844 0.089063 0.295312
0 0.681250 0.592187 0.009375 0.040625
0 0.214062 0.835938 0.125000 0.325000
2 0.212500 0.525000 0.212500 0.050000
2 0.014063 0.524219 0.028125 0.023438
2 0.680469 0.568750 0.057813 0.109375
2 0.813281 0.545312 0.085938 0.056250
2 0.963281 0.546094 0.042188 0.042188
2 0.617188 0.570312 0.137500 0.084375
4 0.714844 0.446875 0.251563 0.165625
4 0.911719 0.457031 0.151562 0.179688
4 0.171875 0.464062 0.190625 0.075000
4 0.521094 0.476562 0.032813 0.003125
4 0.550000 0.736719 0.309375 0.242188
4 0.100000 0.950781 0.200000 0.095312
8 0.152344 0.532031 0.289062 0.067187
8 0.494531 0.557031 0.354687 0.104688
