0 0.357031 0.678906 0.039062 0.073438
2 0.041406 0.700781 0.082812 0.164062
2 0.762500 0.782031 0.471875 0.320312
2 0.429688 0.686719 0.184375 0.104688
2 0.219531 0.688281 0.173437 0.067187
3 0.204687 0.710156 0.040625 0.085938
4 0.160938 0.373437 0.131250 0.746875
4 0.317969 0.385937 0.229687 0.593750
4 0.136719 0.528906 0.170313 0.123438
5 0.182031 0.603906 0.095312 0.060937
5 0.067969 0.601562 0.051562 0.028125
5 0.645312 0.628906 0.046875 0.051562
5 0.475781 0.649219 0.014063 0.017188
7 0.557813 0.696094 0.009375 0.029687
7 0.097656 0.711719 0.017188 0.035937
