0 0.855469 0.550000 0.014063 0.056250
0 0.335156 0.649219 0.051562 0.098437
2 0.718750 0.603125 0.228125 0.156250
2 0.578906 0.581250 0.051562 0.050000
2 0.350781 0.600781 0.039062 0.035937
2 0.094531 0.705469 0.189062 0.167187
2 0.239063 0.668750 0.084375 0.093750
4 0.904687 0.485938 0.025000 0.034375
4 0.609375 0.529687 0.018750 0.018750
4 0.233594 0.572656 0.045312 0.054688
5 0.790625 0.429688 0.065625 0.103125
5 0.921094 0.459375 0.014063 0.018750
5 0.796875 0.487500 0.028125 0.012500
5 0.621094 0.514062 0.085938 0.031250
5 0.046094 0.546094 0.092188 0.020313
5 0.253906 0.582812 0.089063 0.037500
7 0.825781 0.558594 0.007812 0.029687
8 0.514844 0.600781 0.057813 0.051562
8 0.160156 0.803125 0.320312 0.256250
