0 0.728906 0.659375 0.070312 0.059375
0 0.640625 0.665625 0.012500 0.028125
2 0.753125 0.792969 0.490625 0.345313
2 0.655469 0.653906 0.017188 0.010937
2 0.383594 0.692187 0.148438 0.065625
2 0.201563 0.717969 0.106250 0.098437
2 0.055469 0.725000 0.110937 0.050000
4 0.703125 0.510938 0.250000 0.328125
4 0.543750 0.568750 0.081250 0.175000
4 0.358594 0.600000 0.110937 0.193750
4 0.826562 0.531250 0.084375 0.053125
5 0.273438 0.642969 0.078125 0.035937
5 0.129688 0.644531 0.096875 0.029687
7 0.267188 0.707031 0.021875 0.026562
