0 0.026562 0.688281 0.053125 0.048438
0 0.105469 0.692187 0.007812 0.025000
2 0.452344 0.750781 0.226562 0.282813
2 0.785937 0.677344 0.190625 0.101562
2 0.917188 0.660156 0.031250 0.023438
2 0.563281 0.682813 0.032813 0.015625
3 0.071875 0.689844 0.037500 0.032813
4 0.883594 0.471094 0.229687 0.423438
4 0.617969 0.568750 0.304688 0.237500
4 0.499219 0.600781 0.010937 0.039062
5 0.167187 0.650781 0.028125 0.104688
5 0.837500 0.638281 0.046875 0.032813
6 0.875781 0.767188 0.048438 0.018750
7 0.146875 0.718750 0.056250 0.137500
7 0.923438 0.747656 0.050000 0.139063
