0 0.493750 0.578906 0.056250 0.148438
0 0.703125 0.539062 0.021875 0.037500
0 0.185938 0.575781 0.028125 0.095312
0 0.360156 0.567969 0.020313 0.026562
2 0.708594 0.496094 0.064062 0.060937
2 0.516406 0.500781 0.020313 0.017188
2 0.632031 0.550000 0.035937 0.040625
2 0.125781 0.613281 0.132812 0.160938
2 0.922656 0.596875 0.104688 0.065625
2 0.317188 0.658594 0.187500 0.182812
2 0.022656 0.717187 0.045312 0.137500
3 0.703125 0.545312 0.059375 0.112500
4 0.939063 0.389844 0.118750 0.157812
4 0.791406 0.404687 0.173437 0.150000
4 0.398438 0.521875 0.009375 0.028125
4 0.114844 0.554688 0.020313 0.021875
5 0.564063 0.485156 0.025000 0.020313
