0 0.739844 0.660156 0.004687 0.023438
1 0.285156 0.681250 0.010937 0.025000
2 0.756250 0.680469 0.062500 0.048438
2 0.121875 0.685937 0.162500 0.040625
2 0.024219 0.688281 0.017188 0.039062
4 0.219531 0.551562 0.198437 0.284375
5 0.675781 0.250781 0.089063 0.501563
5 0.401562 0.114844 0.068750 0.039062
5 0.891406 0.520312 0.148438 0.053125
5 0.613281 0.607031 0.092188 0.014063
5 0.039844 0.653906 0.057813 0.042188
5 0.539844 0.657813 0.017188 0.031250
7 0.859375 0.678125 0.034375 0.040625
7 0.488281 0.677344 0.007812 0.026562
