0 0.955469 0.557031 0.085938 0.135937
0 0.640625 0.578125 0.028125 0.153125
0 0.864062 0.553125 0.068750 0.065625
0 0.763281 0.553125 0.076563 0.050000
0 0.141406 0.592969 0.029687 0.117188
0 0.503125 0.567187 0.006250 0.028125
0 0.244531 0.584375 0.010937 0.059375
1 0.353906 0.592187 0.014063 0.031250
2 0.035937 0.568750 0.025000 0.009375
3 0.693750 0.578906 0.012500 0.073438
4 0.976562 0.379688 0.043750 0.218750
5 0.908594 0.400000 0.014063 0.009375
5 0.764062 0.425000 0.078125 0.021875
6 0.647656 0.685156 0.101562 0.098437
6 0.167187 0.694531 0.125000 0.051562
6 0.383594 0.756250 0.098437 0.050000
