0 0.413281 0.475781 0.126562 0.164062
0 0.825781 0.406250 0.014063 0.018750
0 0.714844 0.419531 0.064062 0.032813
0 0.525781 0.445312 0.017188 0.062500
0 0.037500 0.475000 0.028125 0.100000
1 0.657813 0.464844 0.012500 0.039062
2 0.849219 0.435937 0.085938 0.084375
2 0.715625 0.425000 0.031250 0.028125
2 0.017188 0.501563 0.034375 0.093750
3 0.550000 0.427344 0.009375 0.023438
4 0.624219 0.240625 0.201563 0.481250
4 0.737500 0.231250 0.037500 0.175000
5 0.721875 0.384375 0.015625 0.015625
6 0.093750 0.630469 0.050000 0.010937
7 0.105469 0.480469 0.007812 0.042188
8 0.646094 0.462500 0.076563 0.040625
