0 0.573438 0.548438 0.012500 0.062500
0 0.290625 0.568750 0.037500 0.050000
1 0.618750 0.566406 0.056250 0.060937
1 0.036719 0.603906 0.039062 0.126562
2 0.125781 0.539062 0.107813 0.106250
2 0.396875 0.526563 0.050000 0.040625
2 0.764844 0.569531 0.204687 0.101562
2 0.520312 0.560937 0.068750 0.078125
2 0.896094 0.576562 0.095312 0.106250
3 0.021875 0.552344 0.043750 0.079687
3 0.210156 0.550781 0.067187 0.067187
3 0.985938 0.592187 0.025000 0.075000
4 0.058594 0.095312 0.117188 0.190625
5 0.785156 0.344531 0.029687 0.089063
5 0.832031 0.473438 0.126562 0.121875
5 0.621094 0.467969 0.095312 0.098437
5 0.936719 0.495312 0.085938 0.087500
5 0.675781 0.486719 0.007812 0.060937
6 0.390625 0.732031 0.065625 0.023438
7 0.442969 0.531250 0.007812 0.018750
7 0.561719 0.555469 0.007812 0.026562
