0 0.739062 0.585938 0.012500 0.037500
0 0.948438 0.603906 0.009375 0.064062
0 0.050781 0.639062 0.082812 0.046875
1 0.971094 0.719531 0.054688 0.151562
2 0.540625 0.639062 0.143750 0.125000
2 0.688281 0.603906 0.051562 0.051562
2 0.328906 0.660156 0.204687 0.132812
3 0.761719 0.645312 0.173437 0.121875
4 0.855469 0.376563 0.254688 0.753125
4 0.754687 0.378125 0.015625 0.028125
5 0.709375 0.535937 0.043750 0.109375
5 0.635156 0.600781 0.048438 0.092188
5 0.520312 0.578125 0.021875 0.015625
7 0.790625 0.642969 0.034375 0.060937
