0 0.106250 0.635156 0.059375 0.104688
0 0.004687 0.642188 0.009375 0.090625
0 0.367969 0.633594 0.101562 0.042188
0 0.767188 0.632812 0.006250 0.028125
1 0.093750 0.679688 0.034375 0.084375
2 0.654687 0.625781 0.143750 0.110937
2 0.160938 0.664062 0.309375 0.131250
2 0.911719 0.637500 0.120313 0.053125
2 0.534375 0.637500 0.090625 0.025000
4 0.697656 0.514062 0.148438 0.256250
4 0.450000 0.582031 0.150000 0.135937
4 0.221875 0.569531 0.040625 0.045312
5 0.192969 0.539062 0.017188 0.134375
5 0.550781 0.603125 0.064062 0.043750
5 0.439063 0.635938 0.006250 0.025000
