1 0.856250 0.398438 0.228125 0.084375
2 0.071875 0.303125 0.143750 0.131250
2 0.465625 0.313281 0.121875 0.042188
2 0.621094 0.353906 0.157812 0.054688
2 0.971875 0.428125 0.053125 0.087500
3 0.252344 0.321875 0.057813 0.078125
3 0.602344 0.360156 0.067187 0.057813
4 0.307031 0.163281 0.510938 0.326562
4 0.572656 0.109375 0.092188 0.068750
4 0.843750 0.405469 0.040625 0.045312
4 0.608594 0.750781 0.323437 0.495312
5 0.237500 0.209375 0.125000 0.303125
5 0.508594 0.240625 0.007812 0.025000
5 0.602344 0.279687 0.020313 0.006250
5 0.220312 0.318750 0.081250 0.062500
