0 0.898438 0.639062 0.031250 0.037500
0 0.508594 0.638281 0.007812 0.023438
0 0.725781 0.659375 0.082812 0.065625
2 0.064844 0.696875 0.129688 0.134375
2 0.522656 0.688281 0.264062 0.117188
2 0.831250 0.732812 0.271875 0.203125
2 0.206250 0.676562 0.062500 0.081250
2 0.949219 0.646094 0.020313 0.017188
4 0.648438 0.445312 0.028125 0.153125
4 0.110156 0.546094 0.220312 0.192188
4 0.724219 0.631250 0.107813 0.018750
4 0.655469 0.632031 0.020313 0.017188
5 0.537500 0.564063 0.071875 0.100000
5 0.107813 0.591406 0.046875 0.064062
5 0.262500 0.592187 0.028125 0.053125
5 0.471875 0.597656 0.034375 0.048438
7 0.738281 0.663281 0.067187 0.042188
