0 0.608594 0.553125 0.154688 0.143750
0 0.785156 0.585938 0.164062 0.187500
0 0.329688 0.516406 0.009375 0.023438
1 0.625000 0.543750 0.006250 0.025000
1 0.536719 0.592187 0.014063 0.059375
2 0.455469 0.559375 0.170313 0.190625
2 0.329688 0.567187 0.009375 0.065625
4 0.423438 0.392969 0.081250 0.182812
4 0.810937 0.460156 0.021875 0.079687
5 0.382812 0.017969 0.015625 0.035937
5 0.313281 0.339062 0.020313 0.087500
5 0.475000 0.414062 0.025000 0.125000
5 0.390625 0.455469 0.028125 0.017188
5 0.760938 0.509375 0.046875 0.090625
