0 0.123438 0.890625 0.246875 0.215625
0 0.846875 0.846875 0.112500 0.115625
0 0.562500 0.828906 0.100000 0.073438
0 0.631250 0.827344 0.012500 0.057813
0 0.321094 0.899219 0.114062 0.198437
2 0.048438 0.817187 0.096875 0.053125
2 0.907813 0.851562 0.181250 0.106250
2 0.437500 0.832031 0.137500 0.060937
2 0.139063 0.869531 0.015625 0.048438
4 0.307031 0.644531 0.132812 0.320312
5 0.940625 0.119531 0.115625 0.217188
5 0.530469 0.202344 0.289062 0.370312
5 0.219531 0.592969 0.110937 0.285938
5 0.603125 0.524219 0.050000 0.026562
5 0.242188 0.617188 0.012500 0.028125
5 0.935156 0.742969 0.126562 0.054688
5 0.821875 0.758594 0.062500 0.045312
5 0.372656 0.762500 0.254688 0.050000
5 0.549219 0.759375 0.042188 0.015625
5 0.253125 0.775000 0.037500 0.040625
5 0.114062 0.784375 0.106250 0.037500
6 0.539062 0.921094 0.056250 0.010937
