2 0.615625 0.340625 0.093750 0.103125
2 0.504687 0.350781 0.015625 0.020313
2 0.736719 0.425781 0.207813 0.098437
2 0.921094 0.489063 0.154688 0.146875
2 0.859375 0.953906 0.278125 0.089063
4 0.128906 0.141406 0.257812 0.282813
4 0.532813 0.292969 0.062500 0.067187
5 0.900781 0.207813 0.195312 0.156250
5 0.878906 0.359375 0.107813 0.021875
6 0.460156 0.515625 0.020313 0.009375
6 0.498437 0.698438 0.037500 0.018750
8 0.592187 0.342969 0.134375 0.148438
8 0.764062 0.360156 0.184375 0.154688
8 0.845313 0.534375 0.306250 0.240625
8 0.910937 0.450000 0.031250 0.037500
