0 0.829688 0.395313 0.050000 0.237500
0 0.685937 0.380469 0.118750 0.195312
0 0.577344 0.348438 0.092188 0.115625
0 0.447656 0.419531 0.064062 0.232813
0 0.091406 0.339062 0.142187 0.068750
1 0.296094 0.351562 0.023438 0.028125
2 0.900000 0.346875 0.131250 0.081250
2 0.353125 0.364063 0.140625 0.106250
2 0.486719 0.366406 0.076563 0.107813
2 0.685156 0.354687 0.023438 0.034375
4 0.560937 0.178906 0.484375 0.357812
4 0.389844 0.260937 0.110937 0.165625
4 0.505469 0.281250 0.042188 0.068750
5 0.164062 0.279687 0.259375 0.040625
