2 0.064062 0.682813 0.128125 0.028125
2 0.253906 0.687500 0.073438 0.021875
2 0.592969 0.692187 0.070312 0.031250
2 0.439844 0.693750 0.129688 0.028125
2 0.532813 0.712500 0.037500 0.056250
2 0.803906 0.735938 0.132812 0.040625
2 0.971875 0.766406 0.053125 0.067187
4 0.881250 0.546094 0.234375 0.164062
4 0.202344 0.643750 0.185938 0.093750
4 0.464844 0.659375 0.092188 0.062500
4 0.560156 0.664062 0.089063 0.040625
5 0.300000 0.666406 0.006250 0.020313
8 0.557813 0.691406 0.106250 0.017188
8 0.238281 0.732812 0.476562 0.081250
