0 0.754687 0.519531 0.006250 0.051562
0 0.903906 0.536719 0.007812 0.029687
2 0.203906 0.439063 0.073438 0.078125
2 0.481250 0.539062 0.125000 0.178125
2 0.652344 0.507031 0.039062 0.054688
2 0.893750 0.627344 0.209375 0.235937
2 0.969531 0.565625 0.057813 0.040625
3 0.157031 0.451562 0.014063 0.028125
3 0.275000 0.453906 0.059375 0.032813
3 0.724219 0.556250 0.142187 0.100000
3 0.939844 0.619531 0.085938 0.085938
3 0.657813 0.642188 0.040625 0.031250
3 0.567187 0.882031 0.134375 0.232813
4 0.094531 0.363281 0.189062 0.192188
4 0.673438 0.420312 0.043750 0.065625
4 0.940625 0.465625 0.115625 0.068750
5 0.214844 0.351562 0.126562 0.053125
5 0.425000 0.425781 0.071875 0.114062
5 0.737500 0.450000 0.150000 0.062500
