0 0.950781 0.801562 0.095312 0.225000
0 0.671094 0.778125 0.082812 0.153125
0 0.775781 0.762500 0.082812 0.118750
0 0.418750 0.757812 0.059375 0.087500
0 0.553906 0.821094 0.107813 0.207813
0 0.081250 0.740625 0.087500 0.034375
0 0.033594 0.862500 0.067187 0.271875
2 0.182812 0.769531 0.112500 0.114062
2 0.650781 0.739844 0.064062 0.048438
2 0.345313 0.746094 0.181250 0.051562
2 0.060156 0.799219 0.120313 0.110937
4 0.674219 0.669531 0.195312 0.092188
4 0.273438 0.676562 0.046875 0.071875
5 0.781250 0.421094 0.053125 0.039062
5 0.717187 0.585156 0.196875 0.154688
5 0.875000 0.587500 0.084375 0.137500
5 0.314063 0.629687 0.031250 0.090625
5 0.014844 0.636719 0.029687 0.092188
5 0.163281 0.675000 0.120313 0.093750
5 0.838281 0.682031 0.135937 0.026562
5 0.955469 0.950781 0.085938 0.095312
6 0.824219 0.827344 0.035937 0.007812
7 0.357812 0.885938 0.062500 0.153125
