0 0.850781 0.739844 0.079687 0.085938
0 0.621875 0.721875 0.037500 0.040625
2 0.071875 0.732812 0.143750 0.184375
2 0.339844 0.710938 0.089063 0.115625
2 0.517969 0.756250 0.167187 0.203125
2 0.723437 0.758594 0.184375 0.189062
2 0.860156 0.734375 0.073438 0.056250
4 0.426563 0.632812 0.125000 0.181250
4 0.852344 0.672656 0.045312 0.064062
4 0.985938 0.690625 0.025000 0.084375
5 0.119531 0.653906 0.048438 0.179688
5 0.665625 0.653125 0.037500 0.046875
5 0.556250 0.672656 0.046875 0.010937
7 0.975781 0.787500 0.045312 0.125000
8 0.188281 0.716406 0.214062 0.023438
8 0.409375 0.724219 0.050000 0.017188
