0 0.619531 0.755469 0.035937 0.107813
2 0.325781 0.766406 0.392188 0.114062
2 0.925000 0.750781 0.146875 0.057813
2 0.045312 0.771875 0.090625 0.075000
4 0.134375 0.561719 0.268750 0.370312
4 0.753125 0.714844 0.121875 0.142187
4 0.967187 0.681250 0.062500 0.040625
5 0.296875 0.598437 0.015625 0.118750
5 0.480469 0.574219 0.057813 0.067187
5 0.681250 0.651563 0.025000 0.093750
5 0.828906 0.686719 0.010937 0.020313
5 0.009375 0.704688 0.018750 0.018750
6 0.942969 0.853125 0.110937 0.012500
7 0.514844 0.776563 0.032813 0.065625
