2 0.780469 0.786719 0.435937 0.423438
2 0.086719 0.753906 0.173437 0.307812
2 0.228906 0.634375 0.182812 0.059375
2 0.407813 0.642969 0.109375 0.060937
2 0.527344 0.657813 0.054688 0.046875
4 0.780469 0.432812 0.435937 0.453125
4 0.617969 0.617969 0.007812 0.029687
5 0.880469 0.382812 0.085938 0.084375
5 0.562500 0.598437 0.081250 0.068750
5 0.071875 0.583594 0.028125 0.032813
5 0.770312 0.592969 0.037500 0.017188
5 0.211719 0.596875 0.029687 0.012500
8 0.237500 0.653125 0.200000 0.100000
8 0.416406 0.614844 0.023438 0.017188
8 0.576562 0.654687 0.059375 0.025000
