0 0.734375 0.644531 0.012500 0.035937
0 0.080469 0.647656 0.007812 0.032813
0 0.692187 0.772656 0.050000 0.082812
2 0.807813 0.797656 0.381250 0.401562
2 0.338281 0.671875 0.304688 0.093750
2 0.038281 0.650781 0.076563 0.048438
2 0.544531 0.653125 0.095312 0.053125
4 0.653125 0.564063 0.125000 0.146875
4 0.758594 0.585938 0.089063 0.140625
4 0.279687 0.582031 0.106250 0.104688
4 0.854688 0.592969 0.103125 0.126562
4 0.964844 0.542188 0.032813 0.015625
5 0.090625 0.610938 0.162500 0.121875
7 0.085156 0.655469 0.007812 0.020313
8 0.190625 0.835156 0.350000 0.320312
