0 0.878906 0.691406 0.060937 0.298438
0 0.773438 0.690625 0.075000 0.259375
0 0.433594 0.632031 0.107813 0.045312
0 0.696875 0.650781 0.012500 0.039062
2 0.832031 0.656250 0.185938 0.134375
2 0.475781 0.632031 0.007812 0.020313
2 0.726562 0.667969 0.046875 0.057813
4 0.557031 0.585156 0.045312 0.067187
5 0.204687 0.072656 0.062500 0.145313
5 0.184375 0.359375 0.128125 0.153125
5 0.713281 0.531250 0.017188 0.231250
5 0.571875 0.458594 0.015625 0.017188
5 0.891406 0.534375 0.076563 0.118750
5 0.430469 0.582031 0.076563 0.123438
5 0.600781 0.634375 0.007812 0.012500
6 0.525781 0.726562 0.020313 0.006250
6 0.340625 0.922656 0.087500 0.026562
