0 0.609375 0.692187 0.043750 0.075000
0 0.142969 0.707812 0.010937 0.037500
0 0.946094 0.699219 0.017188 0.017188
2 0.406250 0.709375 0.343750 0.065625
2 0.587500 0.703125 0.006250 0.040625
2 0.815625 0.703125 0.062500 0.018750
4 0.043750 0.557031 0.087500 0.242188
4 0.230469 0.707812 0.010937 0.015625
5 0.717187 0.525781 0.056250 0.057813
5 0.035937 0.592969 0.071875 0.092188
5 0.497656 0.607031 0.014063 0.073438
5 0.242188 0.673438 0.081250 0.040625
5 0.302344 0.686719 0.010937 0.026562
5 0.007812 0.721875 0.015625 0.065625
5 0.675000 0.716406 0.034375 0.017188
6 0.792188 0.814063 0.078125 0.012500
