0 0.346875 0.637500 0.134375 0.225000
0 0.451562 0.601562 0.037500 0.106250
0 0.958594 0.560937 0.057813 0.018750
0 0.539844 0.588281 0.017188 0.054688
0 0.346875 0.667188 0.012500 0.040625
2 0.228906 0.582031 0.023438 0.067187
2 0.703125 0.580469 0.128125 0.048438
2 0.584375 0.583594 0.081250 0.051562
2 0.925000 0.725000 0.146875 0.312500
4 0.844531 0.089063 0.217188 0.178125
4 0.709375 0.505469 0.115625 0.135937
5 0.167969 0.227344 0.098437 0.107813
5 0.314063 0.485938 0.125000 0.031250
5 0.428125 0.539062 0.096875 0.109375
5 0.739844 0.517969 0.029687 0.054688
5 0.601562 0.525781 0.143750 0.035937
5 0.871875 0.544531 0.068750 0.067187
5 0.483594 0.574219 0.004687 0.042188
6 0.514844 0.677344 0.126562 0.035937
6 0.514844 0.750781 0.154688 0.076563
6 0.235937 0.867969 0.103125 0.042188
7 0.503125 0.585156 0.009375 0.029687
7 0.612500 0.650000 0.037500 0.109375
