0 0.646094 0.766406 0.017188 0.085938
0 0.035156 0.786719 0.035937 0.082812
0 0.492188 0.761719 0.025000 0.029687
0 0.206250 0.764062 0.012500 0.028125
2 0.824219 0.809375 0.348438 0.293750
2 0.575781 0.770312 0.132812 0.065625
2 0.304688 0.782031 0.212500 0.076563
4 0.725781 0.110937 0.026562 0.031250
5 0.789062 0.395313 0.025000 0.040625
5 0.851562 0.575000 0.106250 0.156250
5 0.461719 0.648438 0.007812 0.081250
5 0.948438 0.655469 0.059375 0.051562
5 0.745313 0.687500 0.028125 0.037500
5 0.275781 0.717187 0.089063 0.028125
5 0.328906 0.778125 0.007812 0.025000
5 0.182812 0.789844 0.018750 0.026562
6 0.709375 0.910937 0.056250 0.009375
7 0.142969 0.802344 0.023438 0.035937
