0 0.242188 0.501563 0.006250 0.034375
0 0.748437 0.512500 0.006250 0.028125
0 0.455469 0.541406 0.060937 0.082812
0 0.642188 0.528125 0.009375 0.043750
0 0.146094 0.631250 0.042188 0.140625
1 0.862500 0.608594 0.050000 0.060937
1 0.263281 0.622656 0.020313 0.054688
2 0.399219 0.575000 0.145313 0.150000
2 0.848437 0.556250 0.121875 0.065625
2 0.746875 0.716406 0.218750 0.204687
2 0.388281 0.781250 0.179688 0.243750
4 0.849219 0.385937 0.254688 0.321875
5 0.109375 0.338281 0.034375 0.026562
5 0.082031 0.426563 0.164062 0.062500
5 0.609375 0.522656 0.015625 0.032813
7 0.820312 0.520312 0.018750 0.006250
