0 0.586719 0.775000 0.014063 0.065625
0 0.151562 0.790625 0.056250 0.084375
0 0.341406 0.770312 0.014063 0.025000
1 0.604688 0.798438 0.021875 0.059375
2 0.296875 0.791406 0.175000 0.095312
2 0.474219 0.774219 0.023438 0.035937
2 0.573438 0.769531 0.018750 0.026562
3 0.455469 0.783594 0.010937 0.032813
4 0.748437 0.571094 0.293750 0.423438
4 0.425000 0.728125 0.040625 0.071875
5 0.638281 0.716406 0.039062 0.014063
5 0.108594 0.776563 0.023438 0.065625
7 0.555469 0.773438 0.010937 0.031250
7 0.020313 0.793750 0.012500 0.028125
