0 0.718750 0.429688 0.012500 0.015625
0 0.625781 0.510156 0.079687 0.170313
0 0.368750 0.502344 0.053125 0.095312
0 0.214062 0.643750 0.103125 0.265625
0 0.108594 0.554688 0.060937 0.084375
2 0.682813 0.462500 0.178125 0.078125
2 0.093750 0.695312 0.187500 0.246875
3 0.040625 0.571875 0.075000 0.075000
3 0.656250 0.584375 0.053125 0.043750
3 0.653125 0.679688 0.140625 0.053125
4 0.938281 0.145313 0.120313 0.290625
4 0.002344 0.489063 0.004687 0.093750
5 0.824219 0.361719 0.164062 0.067187
5 0.961719 0.370312 0.073438 0.040625
5 0.292187 0.386719 0.062500 0.014063
5 0.543750 0.390625 0.012500 0.012500
6 0.205469 0.894531 0.095312 0.051562
7 0.610938 0.484375 0.025000 0.059375
7 0.803906 0.471875 0.014063 0.018750
7 0.168750 0.597656 0.043750 0.123438
