0 0.585938 0.575781 0.021875 0.042188
2 0.689063 0.587500 0.162500 0.125000
2 0.473438 0.589844 0.134375 0.126562
2 0.359375 0.577344 0.084375 0.073438
2 0.151562 0.623437 0.303125 0.134375
4 0.166406 0.373437 0.332813 0.478125
4 0.989844 0.306250 0.017188 0.140625
4 0.608594 0.425000 0.107813 0.275000
5 0.683594 0.417187 0.026562 0.053125
5 0.675000 0.520312 0.040625 0.015625
5 0.295312 0.546875 0.028125 0.053125
5 0.953906 0.530469 0.014063 0.020313
5 0.397656 0.541406 0.007812 0.020313
7 0.960156 0.557031 0.014063 0.039062
7 0.604688 0.582031 0.006250 0.017188
