2 0.386719 0.575000 0.279687 0.193750
2 0.876563 0.575781 0.243750 0.157812
2 0.095312 0.539844 0.087500 0.042188
2 0.196875 0.544531 0.059375 0.048438
2 0.543750 0.575781 0.025000 0.032813
2 0.698438 0.582812 0.071875 0.040625
4 0.086719 0.449219 0.173437 0.251563
4 0.592969 0.541406 0.120313 0.104688
4 0.521094 0.612500 0.007812 0.025000
5 0.348438 0.482031 0.200000 0.060937
5 0.026562 0.491406 0.025000 0.067187
5 0.161719 0.485156 0.010937 0.023438
5 0.597656 0.558594 0.032813 0.070312
6 0.107031 0.698438 0.107813 0.018750
