0 0.419531 0.690625 0.007812 0.050000
2 0.251563 0.785156 0.296875 0.273438
2 0.597656 0.769531 0.145313 0.229687
2 0.064062 0.779687 0.128125 0.231250
2 0.692969 0.688281 0.064062 0.029687
2 0.912500 0.705469 0.171875 0.051562
3 0.670312 0.701562 0.009375 0.018750
4 0.853125 0.514062 0.290625 0.671875
4 0.230469 0.611719 0.282813 0.167187
4 0.393750 0.628125 0.062500 0.125000
4 0.578906 0.650000 0.076563 0.043750
5 0.045312 0.579688 0.090625 0.168750
5 0.972656 0.626563 0.051562 0.090625
5 0.644531 0.621875 0.007812 0.012500
