0 0.509375 0.562500 0.012500 0.034375
0 0.312500 0.582812 0.028125 0.068750
0 0.204687 0.574219 0.015625 0.035937
2 0.526563 0.568750 0.403125 0.140625
2 0.274219 0.554688 0.057813 0.009375
2 0.754687 0.592969 0.034375 0.032813
4 0.244531 0.453906 0.232813 0.207813
4 0.536719 0.603125 0.117188 0.050000
5 0.025000 0.146094 0.031250 0.035937
5 0.382031 0.246875 0.035937 0.040625
5 0.767188 0.469531 0.103125 0.217188
5 0.556250 0.503125 0.012500 0.028125
5 0.789062 0.579688 0.021875 0.009375
6 0.685156 0.642188 0.054688 0.006250
6 0.443750 0.676562 0.075000 0.012500
