0 0.828906 0.663281 0.107813 0.170313
0 0.689844 0.659375 0.107813 0.118750
0 0.614062 0.671094 0.025000 0.139063
0 0.289844 0.646875 0.010937 0.037500
1 0.765625 0.667188 0.025000 0.053125
2 0.132031 0.623437 0.264062 0.375000
2 0.561719 0.649219 0.085938 0.104688
2 0.373437 0.648438 0.100000 0.053125
5 0.903906 0.100781 0.182812 0.201563
5 0.957031 0.393750 0.082812 0.093750
5 0.167187 0.439844 0.021875 0.017188
5 0.271094 0.571094 0.076563 0.054688
5 0.685156 0.598437 0.107813 0.100000
5 0.531250 0.585938 0.018750 0.031250
5 0.820312 0.575000 0.043750 0.009375
6 0.730469 0.729688 0.120313 0.012500
