0 0.159375 0.774219 0.043750 0.054688
0 0.582812 0.776563 0.012500 0.034375
2 0.981250 0.770312 0.034375 0.118750
2 0.855469 0.750000 0.067187 0.071875
2 0.728125 0.769531 0.175000 0.098437
2 0.435156 0.767188 0.117188 0.053125
2 0.210938 0.800000 0.143750 0.084375
3 0.707031 0.787500 0.060937 0.087500
3 0.367188 0.775781 0.025000 0.057813
4 0.913281 0.357031 0.064062 0.085938
4 0.050781 0.750781 0.045312 0.076563
4 0.350000 0.754687 0.015625 0.018750
5 0.208594 0.705469 0.095312 0.045312
5 0.542969 0.712500 0.020313 0.012500
5 0.869531 0.728906 0.010937 0.023438
5 0.695312 0.746875 0.009375 0.018750
7 0.124219 0.786719 0.010937 0.026562
