0 0.747656 0.551562 0.064062 0.150000
0 0.267188 0.532813 0.112500 0.059375
0 0.188281 0.530469 0.007812 0.029687
1 0.097656 0.567187 0.039062 0.062500
1 0.462500 0.589844 0.015625 0.051562
2 0.059375 0.531250 0.084375 0.034375
2 0.124219 0.532813 0.023438 0.025000
4 0.075000 0.324219 0.118750 0.304688
5 0.821094 0.048438 0.064062 0.096875
5 0.035156 0.267188 0.039062 0.118750
5 0.505469 0.349219 0.082812 0.214062
5 0.685156 0.339062 0.048438 0.093750
5 0.421094 0.479687 0.048438 0.181250
5 0.302344 0.450000 0.010937 0.040625
5 0.071875 0.494531 0.009375 0.017188
5 0.227344 0.513281 0.010937 0.042188
7 0.021094 0.538281 0.004687 0.020313
7 0.300781 0.550781 0.064062 0.035937
