0 0.054688 0.458594 0.109375 0.129688
0 0.496094 0.484375 0.010937 0.056250
2 0.710156 0.507812 0.251563 0.078125
4 0.638281 0.410938 0.176563 0.115625
4 0.484375 0.403125 0.046875 0.087500
5 0.171875 0.281250 0.109375 0.115625
5 0.364844 0.340625 0.239063 0.200000
5 0.710938 0.367969 0.078125 0.223438
5 0.346094 0.328125 0.007812 0.037500
5 0.695312 0.350000 0.003125 0.025000
5 0.456250 0.501563 0.018750 0.046875
6 0.419531 0.561719 0.029687 0.004687
6 0.431250 0.790625 0.090625 0.028125
7 0.067187 0.490625 0.034375 0.062500
7 0.507812 0.501563 0.012500 0.031250
