0 0.589063 0.490625 0.021875 0.081250
0 0.492188 0.497656 0.031250 0.076563
0 0.255469 0.506250 0.060937 0.090625
0 0.967969 0.729688 0.060937 0.537500
2 0.075000 0.533594 0.150000 0.257812
2 0.627344 0.490625 0.257812 0.056250
2 0.288281 0.492969 0.057813 0.048438
4 0.244531 0.293750 0.142187 0.353125
4 0.603125 0.298438 0.237500 0.340625
4 0.358594 0.464062 0.048438 0.028125
5 0.082031 0.232813 0.164062 0.231250
5 0.214062 0.266406 0.087500 0.195312
5 0.428125 0.332031 0.043750 0.060937
5 0.176563 0.342969 0.006250 0.017188
5 0.410156 0.460938 0.126562 0.090625
6 0.926562 0.574219 0.034375 0.007812
7 0.639844 0.500781 0.020313 0.051562
7 0.948438 0.479687 0.012500 0.009375
7 0.175000 0.521094 0.021875 0.057813
8 0.494531 0.511719 0.154688 0.035937
