0 0.990625 0.645312 0.015625 0.150000
0 0.742188 0.637500 0.009375 0.050000
0 0.650781 0.642969 0.007812 0.039062
1 0.789062 0.650781 0.053125 0.042188
2 0.621875 0.657031 0.053125 0.060937
2 0.727344 0.639844 0.017188 0.026562
2 0.282813 0.692187 0.084375 0.125000
2 0.407031 0.659375 0.023438 0.053125
4 0.854688 0.454688 0.203125 0.453125
4 0.728125 0.515625 0.028125 0.025000
5 0.314844 0.282031 0.042188 0.023438
5 0.891406 0.561719 0.117188 0.054688
5 0.684375 0.631250 0.053125 0.071875
7 0.709375 0.646875 0.018750 0.037500
