0 0.278906 0.475781 0.101562 0.039062
0 0.363281 0.475000 0.035937 0.037500
1 0.587500 0.509375 0.059375 0.071875
2 0.556250 0.453906 0.028125 0.039062
2 0.714844 0.483594 0.101562 0.079687
2 0.343750 0.466406 0.081250 0.035937
4 0.330469 0.409375 0.239063 0.171875
4 0.717969 0.479687 0.060937 0.159375
4 0.866406 0.778125 0.264062 0.346875
5 0.932813 0.457031 0.131250 0.373437
5 0.199219 0.342187 0.104688 0.096875
5 0.753125 0.404687 0.025000 0.096875
5 0.839844 0.407813 0.026562 0.009375
5 0.043750 0.502344 0.037500 0.089063
5 0.886719 0.635938 0.014063 0.031250
6 0.478125 0.577344 0.046875 0.026562
6 0.036719 0.652344 0.048438 0.007812
