0 0.527344 0.386719 0.026562 0.060937
0 0.394531 0.377344 0.007812 0.035937
1 0.078906 0.443750 0.145313 0.134375
1 0.243750 0.412500 0.034375 0.068750
1 0.691406 0.461719 0.207813 0.167187
2 0.434375 0.378125 0.100000 0.075000
3 0.165625 0.414062 0.084375 0.109375
3 0.930469 0.372656 0.079687 0.023438
3 0.553906 0.391406 0.020313 0.039062
4 0.734375 0.518750 0.015625 0.028125
6 0.543750 0.468750 0.028125 0.006250
6 0.383594 0.492969 0.067187 0.032813
6 0.158594 0.867969 0.217188 0.092188
7 0.328906 0.412500 0.020313 0.062500
