0 0.169531 0.694531 0.089063 0.114062
0 0.320312 0.684375 0.053125 0.087500
0 0.400781 0.658594 0.010937 0.035937
1 0.678125 0.721875 0.090625 0.150000
2 0.759375 0.665625 0.184375 0.134375
2 0.494531 0.671875 0.198437 0.103125
2 0.652344 0.646875 0.026562 0.037500
3 0.596875 0.650000 0.006250 0.025000
5 0.954688 0.464844 0.087500 0.067187
5 0.311719 0.527344 0.054688 0.139063
5 0.870313 0.518750 0.046875 0.062500
5 0.250000 0.556250 0.096875 0.075000
5 0.118750 0.567969 0.025000 0.039062
5 0.460156 0.598437 0.014063 0.025000
7 0.229687 0.714844 0.071875 0.089063
