0 0.935937 0.733594 0.043750 0.242188
0 0.533594 0.684375 0.051562 0.043750
0 0.371094 0.689844 0.014063 0.039062
2 0.863281 0.667969 0.267188 0.067187
2 0.627344 0.738281 0.198437 0.167187
2 0.210938 0.743750 0.228125 0.162500
2 0.399219 0.682813 0.051562 0.018750
2 0.014844 0.696875 0.029687 0.028125
4 0.138281 0.645312 0.073438 0.121875
4 0.380469 0.648438 0.026562 0.059375
4 0.732031 0.646094 0.048438 0.035937
4 0.039062 0.704688 0.071875 0.012500
5 0.577344 0.539844 0.032813 0.101562
5 0.485938 0.630469 0.034375 0.073438
5 0.705469 0.604688 0.070312 0.015625
5 0.342187 0.654687 0.034375 0.012500
8 0.849219 0.705469 0.298438 0.020313
