0 0.755469 0.590625 0.010937 0.034375
0 0.345313 0.621094 0.043750 0.039062
2 0.964063 0.626563 0.068750 0.153125
2 0.280469 0.746875 0.542188 0.321875
2 0.538281 0.608594 0.135937 0.029687
4 0.054688 0.403125 0.109375 0.384375
4 0.038281 0.546875 0.076563 0.109375
5 0.778906 0.462500 0.135937 0.134375
5 0.925000 0.456250 0.146875 0.087500
5 0.664062 0.425000 0.018750 0.021875
5 0.353906 0.489063 0.048438 0.021875
5 0.113281 0.550781 0.064062 0.139063
5 0.664844 0.545312 0.135937 0.065625
5 0.200000 0.621875 0.012500 0.034375
7 0.454688 0.618750 0.012500 0.015625
