0 0.548438 0.625781 0.103125 0.064062
0 0.695312 0.610938 0.012500 0.028125
0 0.936719 0.618750 0.007812 0.018750
1 0.160156 0.627344 0.014063 0.017188
2 0.337500 0.742188 0.356250 0.318750
2 0.764062 0.653125 0.150000 0.131250
2 0.953125 0.691406 0.090625 0.195312
2 0.071875 0.689063 0.143750 0.168750
3 0.662500 0.631250 0.021875 0.040625
3 0.530469 0.643750 0.026562 0.059375
4 0.151562 0.312500 0.303125 0.621875
4 0.399219 0.448437 0.189062 0.268750
5 0.815625 0.544531 0.037500 0.029687
5 0.577344 0.558594 0.120313 0.023438
5 0.084375 0.603125 0.025000 0.018750
6 0.174219 0.730469 0.057813 0.017188
