0 0.268750 0.468750 0.009375 0.031250
2 0.945312 0.432031 0.106250 0.098437
2 0.735156 0.444531 0.042188 0.039062
2 0.421875 0.457031 0.025000 0.017188
2 0.079687 0.473438 0.090625 0.046875
4 0.160938 0.257812 0.321875 0.515625
4 0.547656 0.264062 0.307812 0.443750
4 0.132812 0.464062 0.015625 0.021875
5 0.389844 0.274219 0.029687 0.045312
5 0.925000 0.370312 0.081250 0.025000
5 0.799219 0.375781 0.007812 0.014063
5 0.597656 0.428125 0.057813 0.056250
5 0.372656 0.431250 0.004687 0.031250
5 0.235937 0.457031 0.012500 0.010937
6 0.839063 0.815625 0.040625 0.025000
7 0.464844 0.459375 0.010937 0.018750
