0 0.965625 0.175000 0.021875 0.028125
0 0.836719 0.289844 0.067187 0.064062
0 0.060937 0.621875 0.090625 0.065625
0 0.329688 0.598437 0.015625 0.015625
0 0.175781 0.613281 0.079687 0.042188
2 0.521875 0.750000 0.290625 0.365625
2 0.285156 0.699219 0.182812 0.201563
4 0.479687 0.454688 0.387500 0.356250
4 0.418750 0.630469 0.075000 0.023438
5 0.722656 0.385156 0.020313 0.029687
5 0.011719 0.415625 0.023438 0.046875
5 0.192969 0.519531 0.007812 0.032813
5 0.196875 0.671094 0.009375 0.023438
6 0.112500 0.826562 0.056250 0.025000
