0 0.018750 0.636719 0.028125 0.095312
0 0.650000 0.636719 0.056250 0.067187
2 0.946094 0.635156 0.104688 0.092188
2 0.396875 0.636719 0.100000 0.076563
2 0.054688 0.653125 0.046875 0.043750
4 0.239063 0.535937 0.300000 0.271875
4 0.046094 0.542188 0.092188 0.134375
5 0.705469 0.151562 0.064062 0.303125
5 0.571094 0.369531 0.120313 0.364063
5 0.682813 0.467969 0.071875 0.117188
5 0.164062 0.564063 0.046875 0.093750
5 0.493750 0.596875 0.006250 0.031250
5 0.057031 0.599219 0.114062 0.032813
5 0.677344 0.594531 0.007812 0.017188
6 0.565625 0.760156 0.093750 0.017188
7 0.482031 0.648438 0.007812 0.018750
