0 0.133594 0.791406 0.167187 0.382812
0 0.410156 0.778125 0.045312 0.125000
0 0.825000 0.800781 0.062500 0.160938
0 0.583594 0.770312 0.064062 0.084375
0 0.949219 0.773438 0.026562 0.034375
1 0.989062 0.853125 0.012500 0.065625
2 0.692187 0.805469 0.165625 0.232813
2 0.908594 0.812500 0.079687 0.084375
4 0.710156 0.689063 0.032813 0.012500
5 0.232813 0.500000 0.459375 0.303125
5 0.887500 0.642969 0.075000 0.079687
5 0.471875 0.646094 0.006250 0.023438
5 0.233594 0.796875 0.039062 0.075000
5 0.547656 0.779687 0.089063 0.037500
6 0.283594 0.903125 0.123438 0.040625
