0 0.167187 0.605469 0.031250 0.073438
0 0.328906 0.632031 0.114062 0.095312
0 0.412500 0.629687 0.031250 0.090625
0 0.511719 0.625781 0.017188 0.070312
0 0.635938 0.681250 0.071875 0.159375
1 0.233594 0.640625 0.076563 0.062500
2 0.021875 0.577344 0.043750 0.007812
2 0.521875 0.627344 0.046875 0.045312
2 0.641406 0.635938 0.107813 0.040625
2 0.814844 0.684375 0.189062 0.125000
2 0.958594 0.671875 0.079687 0.053125
4 0.272656 0.521094 0.164062 0.142187
4 0.160156 0.522656 0.073438 0.120313
4 0.410156 0.558594 0.107813 0.089063
5 0.480469 0.520312 0.101562 0.156250
5 0.378125 0.588281 0.015625 0.026562
6 0.542969 0.740625 0.054688 0.012500
