0 0.976562 0.535156 0.043750 0.270313
0 0.700781 0.555469 0.067187 0.054688
0 0.592969 0.575781 0.014063 0.045312
0 0.134375 0.627344 0.071875 0.051562
0 0.004687 0.635156 0.009375 0.045312
1 0.530469 0.605469 0.007812 0.035937
2 0.271094 0.617188 0.167187 0.078125
2 0.400781 0.599219 0.023438 0.023438
4 0.784375 0.452344 0.106250 0.167187
4 0.670312 0.467187 0.137500 0.193750
4 0.468750 0.538281 0.131250 0.098437
4 0.600781 0.528125 0.017188 0.043750
5 0.834375 0.466406 0.021875 0.020313
6 0.710156 0.875781 0.157812 0.092188
7 0.489063 0.589844 0.006250 0.020313
