0 0.758594 0.726562 0.010937 0.034375
1 0.773438 0.753906 0.046875 0.035937
2 0.890625 0.780469 0.215625 0.282813
2 0.503906 0.815625 0.385937 0.250000
2 0.107031 0.825000 0.214062 0.109375
4 0.750000 0.640625 0.146875 0.159375
4 0.555469 0.660156 0.260937 0.160938
4 0.227344 0.754687 0.117188 0.056250
5 0.338281 0.393750 0.104688 0.128125
5 0.663281 0.517969 0.029687 0.060937
5 0.256250 0.592969 0.043750 0.070312
5 0.232813 0.762500 0.031250 0.065625
5 0.314844 0.761719 0.007812 0.032813
8 0.710938 0.758594 0.075000 0.026562
