0 0.214062 0.574219 0.053125 0.060937
0 0.713281 0.581250 0.014063 0.056250
0 0.145313 0.592969 0.012500 0.060937
1 0.758594 0.645312 0.020313 0.065625
2 0.542969 0.607031 0.164062 0.185938
2 0.055469 0.553125 0.110937 0.056250
4 0.446094 0.456250 0.151562 0.112500
4 0.532813 0.494531 0.012500 0.026562
5 0.328125 0.488281 0.050000 0.079687
5 0.039062 0.515625 0.015625 0.018750
5 0.572656 0.542188 0.029687 0.028125
6 0.821875 0.707031 0.025000 0.004687
7 0.109375 0.606250 0.021875 0.043750
7 0.751563 0.607812 0.012500 0.015625
