0 0.688281 0.646094 0.101562 0.073438
0 0.758594 0.648438 0.014063 0.065625
0 0.123438 0.632031 0.031250 0.026562
0 0.029687 0.702344 0.046875 0.129688
1 0.172656 0.733594 0.042188 0.085938
2 0.953906 0.666406 0.067187 0.101562
2 0.331250 0.645312 0.140625 0.053125
2 0.125781 0.662500 0.135937 0.078125
4 0.618750 0.624219 0.053125 0.045312
4 0.075781 0.660937 0.017188 0.009375
5 0.024219 0.546094 0.023438 0.014063
5 0.152344 0.577344 0.014063 0.020313
5 0.568750 0.593750 0.021875 0.015625
6 0.807031 0.777344 0.032813 0.004687
7 0.248438 0.656250 0.015625 0.046875
7 0.141406 0.640625 0.010937 0.012500
