0 0.617969 0.589844 0.067187 0.104688
0 0.259375 0.574219 0.075000 0.048438
0 0.187500 0.601562 0.028125 0.087500
0 0.018750 0.609375 0.018750 0.087500
1 0.221094 0.598437 0.007812 0.028125
2 0.399219 0.609375 0.223438 0.165625
2 0.795312 0.591406 0.043750 0.092188
3 0.199219 0.578125 0.010937 0.034375
4 0.070312 0.348438 0.121875 0.556250
4 0.203906 0.450781 0.114062 0.357812
4 0.107031 0.422656 0.020313 0.023438
5 0.907813 0.282031 0.181250 0.276562
5 0.769531 0.478125 0.082812 0.043750
5 0.568750 0.575781 0.040625 0.045312
7 0.986719 0.656250 0.023438 0.087500
