0 0.668750 0.653906 0.075000 0.370312
0 0.343750 0.609375 0.015625 0.084375
0 0.036719 0.628906 0.073438 0.120313
0 0.507031 0.603125 0.045312 0.053125
2 0.410156 0.615625 0.117188 0.078125
2 0.547656 0.600781 0.014063 0.029687
2 0.062500 0.840625 0.125000 0.315625
3 0.585156 0.626563 0.051562 0.084375
4 0.425781 0.542188 0.092188 0.106250
5 0.720313 0.118750 0.168750 0.237500
5 0.728906 0.256250 0.023438 0.168750
5 0.114062 0.514844 0.228125 0.310937
5 0.374219 0.521875 0.073438 0.125000
6 0.179688 0.707812 0.096875 0.034375
