0 0.834375 0.553906 0.106250 0.079687
0 0.099219 0.614844 0.060937 0.173437
0 0.710938 0.580469 0.018750 0.048438
0 0.321875 0.603125 0.121875 0.071875
0 0.472656 0.586719 0.007812 0.039062
1 0.350000 0.631250 0.087500 0.065625
1 0.475781 0.617188 0.010937 0.018750
2 0.900000 0.596875 0.196875 0.243750
2 0.590625 0.593750 0.221875 0.100000
2 0.368750 0.599219 0.009375 0.017188
3 0.797656 0.595313 0.032813 0.034375
3 0.244531 0.617188 0.045312 0.062500
3 0.154688 0.633594 0.034375 0.054688
4 0.327344 0.364844 0.104688 0.467187
5 0.190625 0.202344 0.065625 0.076563
5 0.035156 0.421875 0.070312 0.046875
5 0.872656 0.478125 0.195312 0.046875
5 0.286719 0.528125 0.170313 0.121875
5 0.121875 0.634375 0.021875 0.059375
