0 0.978906 0.618750 0.039062 0.200000
0 0.560937 0.616406 0.175000 0.145313
0 0.277344 0.589063 0.148438 0.084375
0 0.174219 0.624219 0.035937 0.135937
0 0.403125 0.608594 0.096875 0.104688
0 0.857031 0.648438 0.023438 0.031250
0 0.996094 0.781250 0.004687 0.100000
4 0.563281 0.320312 0.264062 0.640625
4 0.346094 0.375000 0.160938 0.512500
4 0.420312 0.214062 0.050000 0.106250
5 0.461719 0.482812 0.085938 0.071875
5 0.969531 0.483594 0.057813 0.026562
5 0.732031 0.493750 0.223438 0.034375
5 0.560156 0.505469 0.073438 0.023438
5 0.178906 0.589844 0.051562 0.089063
5 0.953906 0.606250 0.048438 0.037500
7 0.721094 0.576562 0.026562 0.071875
7 0.442188 0.619531 0.009375 0.054688
7 0.492188 0.857812 0.075000 0.253125
