0 0.960156 0.345313 0.042188 0.146875
0 0.644531 0.352344 0.035937 0.120313
0 0.160156 0.322656 0.129688 0.051562
0 0.811719 0.340625 0.014063 0.078125
0 0.551562 0.349219 0.021875 0.045312
1 0.444531 0.387500 0.073438 0.056250
2 0.687500 0.345313 0.071875 0.084375
2 0.591406 0.347656 0.060937 0.060937
4 0.814063 0.187500 0.115625 0.121875
4 0.628906 0.322656 0.010937 0.035937
4 0.821875 0.433594 0.096875 0.098437
5 0.858594 0.217969 0.042188 0.045312
6 0.416406 0.478906 0.054688 0.007812
6 0.872656 0.647656 0.126562 0.042188
7 0.877344 0.380469 0.045312 0.085938
7 0.492188 0.364844 0.021875 0.035937
