0 0.614062 0.637500 0.015625 0.065625
0 0.111719 0.639844 0.026562 0.026562
0 0.214844 0.642969 0.007812 0.029687
2 0.095312 0.621094 0.190625 0.142187
2 0.870313 0.645312 0.256250 0.096875
2 0.409375 0.677344 0.368750 0.129688
2 0.672656 0.628906 0.076563 0.020313
3 0.457031 0.646875 0.007812 0.021875
4 0.257031 0.582031 0.060937 0.085938
4 0.407031 0.589844 0.145313 0.076563
4 0.582031 0.589063 0.035937 0.075000
4 0.064844 0.656250 0.029687 0.015625
5 0.128125 0.541406 0.115625 0.085938
5 0.882031 0.592187 0.073438 0.084375
5 0.664062 0.615625 0.012500 0.025000
7 0.750000 0.650781 0.015625 0.039062
