0 0.221094 0.658594 0.026562 0.107813
2 0.916406 0.634375 0.164062 0.109375
2 0.672656 0.734375 0.339062 0.284375
2 0.367188 0.694531 0.184375 0.173437
4 0.589844 0.511719 0.226562 0.214062
4 0.971094 0.572656 0.054688 0.054688
4 0.807031 0.602344 0.079687 0.067187
5 0.424219 0.531250 0.114062 0.146875
5 0.272656 0.523438 0.110937 0.096875
5 0.983594 0.503906 0.029687 0.017188
5 0.092969 0.565625 0.142187 0.028125
5 0.918750 0.561719 0.006250 0.014063
5 0.732812 0.575000 0.059375 0.034375
7 0.760938 0.607031 0.012500 0.010937
