0 0.828906 0.692969 0.039062 0.051562
0 0.733594 0.693750 0.032813 0.037500
0 0.973437 0.711719 0.050000 0.026562
2 0.076563 0.715625 0.131250 0.121875
2 0.385937 0.687500 0.159375 0.037500
2 0.222656 0.704688 0.048438 0.040625
3 0.751563 0.698438 0.093750 0.034375
3 0.006250 0.708594 0.006250 0.039062
3 0.260156 0.726562 0.032813 0.065625
3 0.869531 0.707812 0.039062 0.025000
4 0.663281 0.657031 0.010937 0.045312
5 0.934375 0.623437 0.128125 0.075000
5 0.775000 0.654687 0.071875 0.090625
5 0.839063 0.639844 0.021875 0.035937
5 0.646875 0.657813 0.006250 0.018750
7 0.632812 0.703125 0.009375 0.031250
