0 0.552344 0.547656 0.089063 0.064062
2 0.796094 0.552344 0.276562 0.079687
4 0.835156 0.051562 0.282813 0.103125
4 0.816406 0.328906 0.364063 0.451562
4 0.835156 0.478906 0.089063 0.076563
4 0.220312 0.505469 0.028125 0.095312
5 0.299219 0.232813 0.023438 0.196875
5 0.177344 0.464062 0.185938 0.187500
5 0.411719 0.507812 0.142187 0.131250
5 0.145313 0.496094 0.009375 0.020313
5 0.864844 0.512500 0.007812 0.015625
6 0.561719 0.636719 0.126562 0.023438
6 0.091406 0.678906 0.160938 0.057813
6 0.314063 0.667188 0.068750 0.009375
6 0.960938 0.700781 0.075000 0.010937
7 0.472656 0.567187 0.014063 0.028125
7 0.660937 0.584375 0.009375 0.056250
