1 0.389844 0.811719 0.082812 0.073438
2 0.228125 0.765625 0.143750 0.068750
2 0.337500 0.778906 0.046875 0.045312
2 0.503906 0.798438 0.204687 0.068750
2 0.638281 0.798438 0.010937 0.046875
2 0.025781 0.947656 0.051562 0.101562
4 0.900000 0.122656 0.196875 0.245312
4 0.395313 0.700000 0.153125 0.118750
4 0.556250 0.739844 0.031250 0.054688
5 0.616406 0.154688 0.085938 0.309375
5 0.960938 0.274219 0.075000 0.157812
5 0.700781 0.286719 0.179688 0.107813
6 0.471094 0.871875 0.051562 0.006250
6 0.569531 0.975000 0.029687 0.021875
7 0.380469 0.806250 0.042188 0.096875
7 0.850000 0.897656 0.137500 0.201563
7 0.956250 0.898438 0.084375 0.200000
