0 0.631250 0.722656 0.018750 0.048438
0 0.089063 0.743750 0.090625 0.046875
0 0.307812 0.738281 0.096875 0.026562
0 0.373437 0.738281 0.006250 0.026562
1 0.332813 0.757031 0.012500 0.032813
2 0.176563 0.766406 0.165625 0.142187
2 0.477344 0.728906 0.073438 0.045312
3 0.600781 0.733594 0.032813 0.048438
3 0.410156 0.745313 0.045312 0.043750
3 0.308594 0.751563 0.017188 0.037500
4 0.378125 0.618750 0.153125 0.237500
5 0.590625 0.657813 0.009375 0.021875
5 0.351562 0.713281 0.009375 0.035937
7 0.664844 0.721875 0.014063 0.018750
