0 0.443750 0.167969 0.006250 0.026562
0 0.233594 0.185156 0.045312 0.051562
0 0.716406 0.176563 0.007812 0.034375
0 0.024219 0.321875 0.048438 0.153125
0 0.980469 0.559375 0.035937 0.103125
2 0.470313 0.253906 0.175000 0.223438
2 0.292187 0.190625 0.162500 0.093750
2 0.676562 0.239844 0.075000 0.067187
4 0.490625 0.098437 0.059375 0.078125
5 0.220312 0.057813 0.025000 0.062500
5 0.083594 0.092188 0.167187 0.087500
5 0.524219 0.097656 0.004687 0.026562
5 0.675000 0.119531 0.112500 0.039062
5 0.180469 0.124219 0.017188 0.023438
6 0.953125 0.855469 0.090625 0.089063
