0 0.828906 0.667969 0.060937 0.207813
0 0.568750 0.625781 0.006250 0.023438
0 0.758594 0.664062 0.104688 0.090625
0 0.873437 0.639062 0.015625 0.025000
1 0.716406 0.733594 0.079687 0.139063
1 0.804688 0.742969 0.090625 0.120313
2 0.225781 0.622656 0.157812 0.039062
2 0.394531 0.645312 0.129688 0.071875
2 0.537500 0.624219 0.118750 0.026562
3 0.111719 0.643750 0.026562 0.046875
4 0.163281 0.510938 0.073438 0.190625
4 0.407813 0.610156 0.009375 0.026562
7 0.550000 0.639062 0.006250 0.034375
7 0.708594 0.672656 0.020313 0.067187
