0 0.213281 0.371875 0.035937 0.106250
0 0.650781 0.426563 0.039062 0.162500
0 0.342969 0.369531 0.010937 0.042188
0 0.522656 0.409375 0.032813 0.062500
2 0.462500 0.412500 0.046875 0.087500
4 0.258594 0.219531 0.104688 0.439063
5 0.001563 0.086719 0.003125 0.060937
5 0.575000 0.303125 0.015625 0.093750
6 0.171094 0.490625 0.048438 0.003125
6 0.735156 0.532813 0.051562 0.012500
6 0.239844 0.622656 0.089063 0.032813
6 0.430469 0.746875 0.126562 0.071875
7 0.343750 0.393750 0.006250 0.031250
7 0.519531 0.422656 0.010937 0.048438
