0 0.342969 0.485156 0.048438 0.104688
0 0.196094 0.543750 0.117188 0.215625
0 0.069531 0.552344 0.139063 0.217188
1 0.589844 0.569531 0.073438 0.151562
1 0.518750 0.667969 0.040625 0.167187
1 0.431250 0.805469 0.143750 0.298438
1 0.711719 0.830469 0.092188 0.335938
1 0.873437 0.905469 0.112500 0.185938
3 0.618750 0.532813 0.009375 0.031250
3 0.352344 0.657031 0.079687 0.148438
4 0.078906 0.342969 0.157812 0.273438
4 0.579688 0.357031 0.187500 0.223438
4 0.475781 0.409375 0.017188 0.025000
5 0.510156 0.428125 0.020313 0.034375
