0 0.916406 0.562500 0.079687 0.390625
0 0.528125 0.505469 0.018750 0.060937
2 0.715625 0.467969 0.068750 0.042188
2 0.132812 0.601562 0.262500 0.303125
2 0.431250 0.569531 0.125000 0.176563
4 0.567187 0.125000 0.034375 0.087500
4 0.556250 0.265625 0.059375 0.146875
4 0.411719 0.425781 0.226562 0.185938
4 0.039062 0.422656 0.025000 0.010937
5 0.583594 0.411719 0.120313 0.192188
5 0.616406 0.353906 0.010937 0.020313
5 0.494531 0.448437 0.032813 0.106250
5 0.696094 0.469531 0.017188 0.020313
6 0.932813 0.882031 0.131250 0.057813
7 0.727344 0.530469 0.026562 0.120313
