0 0.705469 0.643750 0.007812 0.050000
0 0.574219 0.647656 0.014063 0.051562
0 0.448437 0.650000 0.009375 0.050000
2 0.218750 0.747656 0.437500 0.317188
2 0.626563 0.641406 0.046875 0.057813
4 0.810156 0.453906 0.082812 0.042188
4 0.616406 0.554688 0.073438 0.153125
4 0.446094 0.599219 0.154688 0.160938
5 0.259375 0.503125 0.234375 0.178125
5 0.489844 0.500781 0.017188 0.148438
5 0.953125 0.462500 0.090625 0.071875
5 0.476562 0.541406 0.146875 0.114062
5 0.642969 0.574219 0.051562 0.045312
5 0.813281 0.567969 0.035937 0.029687
5 0.727344 0.663281 0.010937 0.026562
8 0.520312 0.801562 0.034375 0.143750
