0 0.716406 0.540625 0.060937 0.140625
0 0.510938 0.596875 0.046875 0.050000
0 0.278906 0.680469 0.051562 0.051562
0 0.205469 0.706250 0.014063 0.028125
1 0.632812 0.565625 0.034375 0.031250
1 0.227344 0.730469 0.048438 0.067187
1 0.140625 0.891406 0.256250 0.214062
1 0.135937 0.803125 0.015625 0.034375
2 0.917188 0.453906 0.143750 0.089063
2 0.720313 0.528906 0.068750 0.067187
2 0.558594 0.589844 0.095312 0.057813
2 0.391406 0.641406 0.020313 0.026562
2 0.271094 0.674219 0.073438 0.064062
4 0.964844 0.260937 0.067187 0.140625
4 0.010937 0.453125 0.021875 0.068750
4 0.521094 0.560156 0.010937 0.032813
4 0.353125 0.632031 0.021875 0.032813
4 0.132812 0.652344 0.009375 0.045312
6 0.331250 0.939063 0.131250 0.112500
