2 0.589063 0.682813 0.131250 0.075000
2 0.427344 0.697656 0.110937 0.082812
2 0.727344 0.668750 0.020313 0.009375
3 0.173437 0.711719 0.050000 0.060937
4 0.713281 0.622656 0.129688 0.073438
4 0.273438 0.657031 0.121875 0.026562
5 0.764844 0.570312 0.039062 0.037500
5 0.945312 0.619531 0.025000 0.032813
5 0.525000 0.636719 0.006250 0.026562
8 0.407031 0.655469 0.254688 0.023438
8 0.517969 0.661719 0.026562 0.014063
8 0.189062 0.682031 0.162500 0.032813
8 0.825781 0.707812 0.345313 0.075000
8 0.052344 0.693750 0.104688 0.031250
