2 0.368750 0.667969 0.087500 0.126562
2 0.131250 0.628906 0.093750 0.039062
2 0.590625 0.657031 0.193750 0.051562
2 0.254688 0.653125 0.012500 0.040625
4 0.242969 0.589844 0.170313 0.260937
4 0.817187 0.596094 0.362500 0.260937
4 0.534375 0.671875 0.040625 0.025000
5 0.510938 0.551562 0.125000 0.184375
5 0.717969 0.546094 0.192188 0.142187
5 0.960156 0.516406 0.076563 0.073438
5 0.459375 0.610938 0.056250 0.084375
5 0.264062 0.623437 0.034375 0.087500
5 0.830469 0.602344 0.017188 0.017188
6 0.364063 0.755469 0.046875 0.004687
