0 0.693750 0.520312 0.078125 0.081250
0 0.282031 0.529687 0.026562 0.075000
0 0.945312 0.521875 0.015625 0.056250
0 0.746875 0.519531 0.012500 0.042188
1 0.775781 0.525000 0.010937 0.028125
2 0.537500 0.526563 0.221875 0.112500
2 0.850000 0.535937 0.150000 0.075000
4 0.316406 0.400000 0.079687 0.353125
4 0.652344 0.472656 0.014063 0.010937
5 0.046875 0.272656 0.093750 0.170313
5 0.151562 0.296094 0.100000 0.173437
5 0.267188 0.419531 0.028125 0.026562
6 0.285938 0.627344 0.053125 0.017188
6 0.323437 0.752344 0.112500 0.073438
