0 0.924219 0.599219 0.148438 0.798438
0 0.572656 0.353906 0.051562 0.032813
0 0.466406 0.417969 0.070312 0.151562
0 0.307031 0.410156 0.026562 0.064062
1 0.813281 0.481250 0.095312 0.306250
2 0.746094 0.356250 0.223438 0.090625
2 0.570312 0.395313 0.150000 0.068750
2 0.883594 0.378906 0.007812 0.032813
2 0.200781 0.558594 0.401562 0.292187
4 0.953125 0.056250 0.068750 0.037500
5 0.977344 0.028906 0.039062 0.057813
5 0.767188 0.235937 0.015625 0.025000
5 0.573438 0.355469 0.012500 0.010937
6 0.533594 0.485156 0.035937 0.010937
