0 0.575781 0.466406 0.029687 0.095312
0 0.360156 0.497656 0.014063 0.032813
0 0.184375 0.525781 0.018750 0.032813
2 0.925781 0.391406 0.017188 0.010937
2 0.414062 0.485938 0.087500 0.034375
2 0.290625 0.534375 0.143750 0.090625
4 0.140625 0.452344 0.196875 0.276562
5 0.271875 0.385937 0.165625 0.175000
5 0.980469 0.370312 0.017188 0.037500
5 0.232813 0.442969 0.078125 0.060937
6 0.463281 0.596875 0.064062 0.018750
6 0.035937 0.808594 0.071875 0.051562
7 0.680469 0.443750 0.020313 0.018750
7 0.533594 0.480469 0.023438 0.048438
