0 0.253125 0.543750 0.062500 0.240625
0 0.388281 0.556250 0.042188 0.159375
0 0.909375 0.517969 0.084375 0.057813
0 0.829688 0.521875 0.062500 0.046875
2 0.053906 0.536719 0.107813 0.110937
2 0.180469 0.543750 0.139063 0.125000
2 0.976562 0.524219 0.043750 0.064062
2 0.539062 0.536719 0.212500 0.073438
2 0.312500 0.558594 0.087500 0.098437
2 0.700000 0.535937 0.012500 0.028125
4 0.904687 0.335938 0.187500 0.290625
4 0.455469 0.498437 0.126562 0.068750
4 0.317969 0.497656 0.073438 0.051562
5 0.194531 0.382812 0.032813 0.078125
6 0.597656 0.614062 0.026562 0.006250
6 0.423438 0.824219 0.100000 0.070312
