0 0.318750 0.535156 0.006250 0.026562
2 0.881250 0.574219 0.234375 0.339062
2 0.525000 0.538281 0.175000 0.182812
2 0.689063 0.531250 0.128125 0.071875
2 0.149219 0.611719 0.298438 0.217188
2 0.392188 0.537500 0.053125 0.043750
4 0.932813 0.346875 0.131250 0.115625
4 0.396875 0.473438 0.137500 0.087500
4 0.480469 0.481250 0.023438 0.065625
4 0.620313 0.495312 0.043750 0.040625
4 0.060937 0.531250 0.006250 0.018750
5 0.339844 0.485938 0.039062 0.015625
5 0.721875 0.482031 0.018750 0.007812
7 0.347656 0.535156 0.010937 0.014063
