0 0.935156 0.661719 0.067187 0.182812
0 0.674219 0.617969 0.085938 0.076563
0 0.185938 0.609375 0.050000 0.043750
1 0.501563 0.620313 0.021875 0.034375
1 0.135156 0.616406 0.014063 0.017188
2 0.246875 0.639844 0.078125 0.117188
2 0.345313 0.644531 0.081250 0.107813
2 0.445312 0.607031 0.081250 0.032813
2 0.028125 0.650781 0.056250 0.114062
2 0.087500 0.624219 0.009375 0.026562
3 0.486719 0.610938 0.007812 0.028125
3 0.069531 0.632031 0.039062 0.054688
3 0.387500 0.617188 0.009375 0.018750
3 0.297656 0.692969 0.067187 0.129688
4 0.876563 0.063281 0.071875 0.126562
4 0.552344 0.584375 0.064062 0.103125
5 0.885938 0.343750 0.225000 0.271875
5 0.637500 0.496094 0.018750 0.014063
5 0.510938 0.566406 0.071875 0.064062
7 0.517969 0.621875 0.020313 0.034375
7 0.967187 0.767969 0.062500 0.176563
