0 0.039844 0.612500 0.079687 0.140625
0 0.107031 0.617188 0.023438 0.118750
0 0.276562 0.605469 0.053125 0.060937
0 0.357031 0.613281 0.029687 0.042188
0 0.668750 0.643750 0.009375 0.040625
0 0.954688 0.683594 0.087500 0.098437
0 0.856250 0.658594 0.018750 0.045312
2 0.196875 0.619531 0.118750 0.157812
2 0.789062 0.689063 0.165625 0.181250
2 0.518750 0.633594 0.156250 0.060937
4 0.017188 0.291406 0.034375 0.167187
5 0.191406 0.028906 0.032813 0.057813
5 0.356250 0.321094 0.018750 0.123438
5 0.164844 0.465625 0.107813 0.121875
5 0.770312 0.549219 0.137500 0.145313
5 0.467187 0.503125 0.006250 0.040625
5 0.292187 0.582812 0.103125 0.131250
5 0.374219 0.592187 0.010937 0.037500
5 0.680469 0.637500 0.010937 0.037500
6 0.960156 0.782031 0.029687 0.007812
