0 0.896094 0.596094 0.023438 0.029687
0 0.992188 0.618750 0.012500 0.071875
0 0.585156 0.618750 0.098437 0.043750
0 0.322656 0.627344 0.042188 0.023438
1 0.870313 0.667969 0.056250 0.104688
2 0.063281 0.654687 0.126562 0.150000
2 0.457813 0.653125 0.171875 0.118750
2 0.214062 0.635938 0.137500 0.050000
2 0.959375 0.834375 0.078125 0.231250
3 0.363281 0.645312 0.020313 0.025000
4 0.141406 0.439063 0.282813 0.425000
4 0.598437 0.564844 0.118750 0.089063
5 0.789844 0.420312 0.064062 0.090625
5 0.579688 0.541406 0.078125 0.073438
5 0.753906 0.576562 0.060937 0.078125
5 0.514062 0.600781 0.009375 0.010937
7 0.619531 0.631250 0.010937 0.025000
7 0.824219 0.669531 0.029687 0.064062
