0 0.907031 0.507031 0.123438 0.067187
0 0.707031 0.521875 0.039062 0.093750
0 0.573438 0.526563 0.018750 0.078125
0 0.429688 0.526563 0.090625 0.056250
0 0.178125 0.544531 0.112500 0.089063
0 0.299219 0.531250 0.010937 0.028125
1 0.202344 0.585156 0.089063 0.057813
4 0.276562 0.400000 0.168750 0.278125
5 0.108594 0.452344 0.048438 0.085938
5 0.514062 0.474219 0.028125 0.120313
5 0.969531 0.488281 0.057813 0.079687
5 0.776563 0.497656 0.034375 0.057813
6 0.451562 0.601562 0.034375 0.003125
6 0.245312 0.614844 0.040625 0.004687
7 0.584375 0.537500 0.006250 0.043750
7 0.118750 0.557031 0.012500 0.029687
