0 0.750000 0.515625 0.012500 0.034375
0 0.120313 0.519531 0.012500 0.035937
0 0.396094 0.524219 0.010937 0.026562
0 0.576562 0.527344 0.037500 0.026562
1 0.753906 0.548438 0.023438 0.040625
2 0.246875 0.521875 0.025000 0.025000
2 0.444531 0.523438 0.051562 0.021875
2 0.819531 0.534375 0.104688 0.031250
3 0.071875 0.527344 0.018750 0.029687
4 0.821875 0.465625 0.121875 0.150000
4 0.706250 0.496875 0.068750 0.096875
4 0.385937 0.501563 0.025000 0.021875
5 0.546094 0.399219 0.026562 0.020313
5 0.987500 0.405469 0.015625 0.026562
5 0.118750 0.446094 0.018750 0.010937
5 0.926562 0.491406 0.075000 0.082812
5 0.759375 0.513281 0.006250 0.026562
7 0.655469 0.521875 0.029687 0.084375
7 0.968750 0.516406 0.006250 0.032813
