0 0.724219 0.736719 0.048438 0.135937
0 0.632031 0.729688 0.010937 0.040625
2 0.139844 0.805469 0.279687 0.385937
2 0.382031 0.738281 0.201563 0.154688
2 0.531250 0.731250 0.090625 0.059375
2 0.710156 0.728125 0.095312 0.043750
2 0.600000 0.733594 0.012500 0.029687
2 0.275781 0.853906 0.004687 0.070312
3 0.587500 0.756250 0.018750 0.053125
3 0.785156 0.757812 0.010937 0.015625
4 0.496875 0.734375 0.009375 0.015625
5 0.906250 0.527344 0.093750 0.157812
5 0.757812 0.615625 0.131250 0.103125
5 0.302344 0.703906 0.014063 0.042188
