0 0.989844 0.546094 0.017188 0.054688
0 0.246094 0.635938 0.014063 0.037500
0 0.360938 0.632031 0.006250 0.029687
1 0.792969 0.594531 0.007812 0.023438
2 0.891406 0.560937 0.014063 0.018750
2 0.614844 0.612500 0.189062 0.065625
2 0.431250 0.628906 0.115625 0.045312
3 0.927344 0.563281 0.098437 0.054688
4 0.408594 0.572656 0.104688 0.101562
4 0.200781 0.615625 0.004687 0.056250
5 0.825000 0.322656 0.031250 0.048438
5 0.054688 0.378125 0.025000 0.040625
5 0.724219 0.415625 0.104688 0.025000
5 0.636719 0.500781 0.064062 0.054688
5 0.214062 0.547656 0.012500 0.023438
5 0.526563 0.567187 0.018750 0.015625
6 0.835938 0.639844 0.031250 0.004687
7 0.203125 0.687500 0.031250 0.084375
