0 0.110156 0.778125 0.110937 0.109375
0 0.482812 0.777344 0.021875 0.054688
0 0.575781 0.785937 0.020313 0.068750
0 0.391406 0.774219 0.023438 0.032813
2 0.036719 0.803125 0.073438 0.221875
2 0.711719 0.821875 0.214062 0.153125
2 0.248438 0.772656 0.109375 0.048438
2 0.384375 0.787500 0.150000 0.056250
2 0.467187 0.793750 0.003125 0.037500
4 0.851562 0.128906 0.034375 0.067187
4 0.440625 0.616406 0.043750 0.042188
5 0.574219 0.726562 0.126562 0.125000
5 0.036719 0.682031 0.017188 0.020313
5 0.165625 0.741406 0.075000 0.076563
7 0.964063 0.891406 0.068750 0.154688
