0 0.365625 0.469531 0.096875 0.176563
0 0.482031 0.445312 0.042188 0.115625
1 0.300781 0.491406 0.064062 0.060937
2 0.508594 0.396875 0.017188 0.018750
2 0.058594 0.565625 0.117188 0.150000
4 0.891406 0.453906 0.214062 0.314063
4 0.589063 0.400781 0.050000 0.067187
5 0.361719 0.260156 0.073438 0.023438
5 0.700781 0.269531 0.029687 0.035937
5 0.607031 0.330469 0.014063 0.010937
5 0.454688 0.423438 0.012500 0.025000
6 0.617188 0.472656 0.028125 0.004687
6 0.811719 0.477344 0.045312 0.007812
6 0.454688 0.551562 0.056250 0.012500
6 0.763281 0.564844 0.064062 0.014063
