0 0.384375 0.564844 0.050000 0.060937
0 0.486719 0.569531 0.079687 0.045312
1 0.457031 0.599219 0.045312 0.051562
2 0.675781 0.590625 0.207813 0.125000
2 0.198437 0.758594 0.396875 0.429688
2 0.477344 0.592187 0.085938 0.068750
3 0.401562 0.632812 0.037500 0.096875
3 0.563281 0.607812 0.014063 0.040625
4 0.751563 0.460938 0.081250 0.228125
4 0.245312 0.532813 0.037500 0.034375
5 0.200781 0.515625 0.020313 0.015625
5 0.372656 0.528125 0.004687 0.021875
5 0.685156 0.532031 0.060937 0.023438
5 0.564063 0.533594 0.009375 0.020313
7 0.810156 0.592969 0.020313 0.085938
