0 0.784375 0.767188 0.062500 0.231250
0 0.620313 0.762500 0.156250 0.215625
0 0.028906 0.737500 0.032813 0.137500
0 0.313281 0.708594 0.054688 0.039062
0 0.207813 0.728906 0.034375 0.073438
1 0.450781 0.716406 0.014063 0.014063
2 0.412500 0.731250 0.075000 0.112500
4 0.287500 0.612500 0.106250 0.215625
5 0.221094 0.421094 0.020313 0.073438
5 0.703125 0.463281 0.062500 0.026562
5 0.541406 0.515625 0.039062 0.053125
5 0.195312 0.599219 0.087500 0.054688
5 0.296094 0.671875 0.007812 0.018750
7 0.256250 0.738281 0.012500 0.032813
