2 0.462500 0.650781 0.193750 0.245312
2 0.653906 0.565625 0.060937 0.028125
2 0.587500 0.570312 0.009375 0.021875
2 0.127344 0.674219 0.254688 0.214062
2 0.303906 0.594531 0.064062 0.042188
4 0.838281 0.299219 0.320312 0.598437
4 0.617969 0.428906 0.132812 0.332813
4 0.032813 0.461719 0.065625 0.314063
4 0.289844 0.519531 0.314063 0.148438
5 0.627344 0.521875 0.057813 0.112500
5 0.831250 0.528125 0.025000 0.059375
5 0.080469 0.537500 0.042188 0.075000
5 0.710156 0.518750 0.032813 0.037500
5 0.554688 0.563281 0.021875 0.042188
8 0.313281 0.625781 0.142187 0.054688
