0 0.266406 0.642188 0.045312 0.040625
0 0.142969 0.645312 0.035937 0.037500
0 0.335156 0.646094 0.010937 0.023438
2 0.378906 0.659375 0.039062 0.040625
2 0.914844 0.708594 0.167187 0.117188
2 0.523438 0.671875 0.025000 0.028125
2 0.808594 0.702344 0.026562 0.029687
4 0.569531 0.617188 0.123438 0.143750
4 0.446875 0.627344 0.096875 0.067187
4 0.810156 0.746094 0.039062 0.032813
5 0.868750 0.546094 0.065625 0.064062
6 0.216406 0.727344 0.032813 0.004687
6 0.239063 0.835938 0.050000 0.031250
7 0.192969 0.647656 0.010937 0.032813
7 0.316406 0.650000 0.004687 0.018750
7 0.582812 0.678125 0.006250 0.015625
