0 0.496094 0.504687 0.004687 0.031250
1 0.249219 0.616406 0.139063 0.160938
2 0.113281 0.693750 0.226562 0.609375
2 0.700000 0.548438 0.218750 0.200000
2 0.499219 0.517188 0.082812 0.062500
2 0.376563 0.541406 0.071875 0.095312
3 0.560937 0.524219 0.056250 0.070312
3 0.305469 0.568750 0.054688 0.125000
4 0.635156 0.287500 0.117188 0.228125
4 0.417969 0.449219 0.120313 0.092188
5 0.117188 0.159375 0.234375 0.318750
5 0.031250 0.400000 0.062500 0.140625
5 0.542188 0.392188 0.078125 0.062500
5 0.314063 0.453125 0.043750 0.125000
