0 0.979688 0.611719 0.037500 0.207813
0 0.570312 0.563281 0.093750 0.095312
0 0.399219 0.535156 0.014063 0.032813
0 0.695312 0.591406 0.065625 0.139063
0 0.126562 0.658594 0.059375 0.267188
0 0.229687 0.539062 0.006250 0.028125
2 0.050000 0.518750 0.034375 0.046875
2 0.404687 0.573438 0.240625 0.093750
3 0.353906 0.603906 0.032813 0.051562
5 0.864844 0.385156 0.179688 0.073438
5 0.623437 0.484375 0.206250 0.175000
5 0.015625 0.418750 0.031250 0.040625
5 0.169531 0.437500 0.060937 0.053125
5 0.426563 0.450000 0.087500 0.031250
6 0.532031 0.639844 0.026562 0.004687
6 0.239844 0.932813 0.054688 0.081250
7 0.857031 0.638281 0.089063 0.123438
7 0.244531 0.713281 0.079687 0.192188
