0 0.864844 0.673438 0.073438 0.103125
0 0.010156 0.655469 0.017188 0.042188
2 0.563281 0.725781 0.379688 0.267188
2 0.151562 0.744531 0.303125 0.223438
2 0.325781 0.653125 0.042188 0.040625
4 0.904687 0.378906 0.168750 0.757812
4 0.620313 0.385937 0.159375 0.475000
4 0.595313 0.460156 0.018750 0.079687
4 0.517188 0.603125 0.106250 0.096875
5 0.778125 0.428906 0.121875 0.217188
5 0.082812 0.504687 0.159375 0.262500
5 0.699219 0.461719 0.014063 0.089063
5 0.541406 0.578906 0.051562 0.085938
5 0.348438 0.600781 0.034375 0.076563
7 0.841406 0.683594 0.017188 0.045312
