0 0.217188 0.572656 0.009375 0.035937
0 0.346094 0.607031 0.023438 0.089063
0 0.958594 0.685156 0.079687 0.173437
0 0.817187 0.661719 0.112500 0.114062
2 0.092188 0.582031 0.137500 0.098437
2 0.410938 0.601562 0.193750 0.065625
2 0.654687 0.771094 0.318750 0.367188
4 0.158594 0.496875 0.304688 0.156250
4 0.055469 0.540625 0.007812 0.025000
5 0.965625 0.435937 0.065625 0.056250
5 0.742969 0.475781 0.164062 0.123438
5 0.880469 0.478906 0.092188 0.114062
5 0.360156 0.451562 0.023438 0.056250
5 0.600781 0.562500 0.017188 0.015625
6 0.489063 0.715625 0.046875 0.009375
6 0.267188 0.768750 0.081250 0.018750
6 0.928125 0.853125 0.071875 0.025000
