0 0.439063 0.823438 0.071875 0.056250
0 0.212500 0.827344 0.043750 0.057813
0 0.355469 0.842187 0.007812 0.025000
2 0.531250 0.822656 0.093750 0.076563
4 0.795312 0.782031 0.209375 0.223438
4 0.682813 0.771875 0.081250 0.078125
4 0.317188 0.805469 0.081250 0.085938
5 0.122656 0.405469 0.051562 0.145313
5 0.082812 0.501563 0.025000 0.134375
5 0.249219 0.735938 0.064062 0.009375
5 0.631250 0.778125 0.050000 0.065625
5 0.442969 0.801562 0.032813 0.043750
5 0.123438 0.817187 0.065625 0.028125
6 0.043750 0.871875 0.050000 0.006250
