0 0.665625 0.632812 0.084375 0.059375
0 0.821875 0.643750 0.018750 0.078125
0 0.614844 0.627344 0.004687 0.029687
0 0.186719 0.655469 0.032813 0.060937
0 0.296875 0.646094 0.006250 0.029687
2 0.752344 0.654687 0.089063 0.100000
2 0.479687 0.655469 0.140625 0.070312
2 0.010156 0.657031 0.020313 0.057813
2 0.335938 0.663281 0.109375 0.070312
4 0.380469 0.471875 0.326562 0.378125
4 0.592969 0.575000 0.098437 0.162500
5 0.148438 0.560937 0.087500 0.050000
5 0.804688 0.552344 0.050000 0.026562
6 0.242969 0.714844 0.026562 0.004687
6 0.560937 0.746875 0.046875 0.009375
7 0.201563 0.671094 0.006250 0.029687
