0 0.025781 0.760156 0.051562 0.354687
0 0.415625 0.618750 0.006250 0.043750
0 0.689063 0.617188 0.009375 0.031250
0 0.892969 0.633594 0.017188 0.026562
0 0.061719 0.680469 0.017188 0.014063
2 0.592187 0.614844 0.125000 0.045312
2 0.515625 0.620313 0.021875 0.028125
2 0.818750 0.647656 0.106250 0.051562
2 0.971094 0.652344 0.054688 0.051562
3 0.914062 0.650000 0.034375 0.040625
4 0.080469 0.480469 0.160938 0.332813
4 0.658594 0.544531 0.160938 0.167187
5 0.515625 0.573438 0.068750 0.143750
5 0.900781 0.589844 0.073438 0.014063
7 0.250000 0.617969 0.096875 0.060937
7 0.362500 0.620313 0.103125 0.056250
7 0.636719 0.617969 0.020313 0.026562
8 0.908594 0.642188 0.098437 0.034375
