0 0.860156 0.523438 0.045312 0.175000
0 0.572656 0.540625 0.045312 0.168750
0 0.352344 0.552344 0.057813 0.185938
1 0.709375 0.617969 0.062500 0.182812
1 0.782813 0.673438 0.078125 0.156250
2 0.576562 0.515625 0.231250 0.053125
2 0.086719 0.552344 0.173437 0.042188
3 0.096875 0.553125 0.012500 0.025000
4 0.633594 0.328906 0.348438 0.351562
4 0.852344 0.312500 0.070312 0.300000
4 0.377344 0.438281 0.164062 0.098437
5 0.593750 0.479687 0.012500 0.018750
5 0.175781 0.517188 0.020313 0.012500
7 0.886719 0.527344 0.017188 0.064062
7 0.053906 0.577344 0.020313 0.057813
