0 0.049219 0.846094 0.026562 0.092188
0 0.831250 0.882031 0.034375 0.129688
0 0.290625 0.838281 0.087500 0.039062
0 0.347656 0.840625 0.020313 0.028125
0 0.647656 0.871875 0.117188 0.090625
2 0.484375 0.873437 0.178125 0.140625
2 0.277344 0.853125 0.057813 0.053125
4 0.381250 0.675000 0.256250 0.437500
4 0.297656 0.792188 0.114062 0.125000
4 0.639062 0.812500 0.046875 0.106250
5 0.214062 0.767188 0.034375 0.090625
5 0.757031 0.841406 0.079687 0.107813
5 0.267969 0.811719 0.010937 0.020313
7 0.810156 0.889844 0.020313 0.054688
