0 0.885156 0.631250 0.139063 0.118750
0 0.232031 0.599219 0.070312 0.035937
0 0.133594 0.618750 0.026562 0.065625
0 0.744531 0.608594 0.092188 0.042188
0 0.652344 0.624219 0.007812 0.057813
1 0.161719 0.629687 0.023438 0.040625
2 0.223438 0.627344 0.084375 0.085938
2 0.523438 0.646875 0.187500 0.118750
2 0.393750 0.632031 0.065625 0.073438
2 0.728906 0.611719 0.048438 0.023438
3 0.283594 0.631250 0.051562 0.046875
4 0.816406 0.521094 0.142187 0.142187
4 0.631250 0.531250 0.221875 0.128125
4 0.208594 0.542969 0.164062 0.117188
5 0.953906 0.579688 0.039062 0.006250
7 0.758594 0.654687 0.079687 0.087500
