0 0.726562 0.628906 0.062500 0.170313
0 0.496875 0.622656 0.053125 0.076563
0 0.146875 0.608594 0.006250 0.023438
0 0.060937 0.658594 0.034375 0.079687
2 0.322656 0.650000 0.120313 0.090625
3 0.246094 0.623437 0.007812 0.018750
4 0.138281 0.285938 0.039062 0.009375
4 0.325781 0.580469 0.054688 0.045312
4 0.046875 0.599219 0.087500 0.048438
5 0.835156 0.098437 0.070312 0.196875
5 0.947656 0.198437 0.101562 0.225000
5 0.492188 0.385937 0.056250 0.065625
5 0.318750 0.539844 0.112500 0.082812
5 0.477344 0.532813 0.010937 0.025000
5 0.123438 0.602344 0.034375 0.129688
5 0.765625 0.677344 0.093750 0.229687
6 0.496094 0.698438 0.042188 0.003125
7 0.912500 0.752344 0.171875 0.335938
