0 0.344531 0.538281 0.067187 0.064062
0 0.153906 0.582031 0.057813 0.120313
0 0.255469 0.585156 0.054688 0.104688
0 0.733594 0.597656 0.185938 0.123438
0 0.864062 0.590625 0.078125 0.084375
0 0.964063 0.621094 0.012500 0.045312
2 0.533594 0.535937 0.220312 0.084375
2 0.478906 0.629687 0.164062 0.196875
2 0.900781 0.730469 0.067187 0.179688
2 0.974219 0.756250 0.048438 0.228125
4 0.460156 0.440625 0.139063 0.118750
5 0.938281 0.346094 0.120313 0.089063
5 0.888281 0.425000 0.051562 0.028125
5 0.420312 0.474219 0.034375 0.023438
5 0.756250 0.498437 0.318750 0.062500
6 0.418750 0.671875 0.031250 0.025000
