0 0.088281 0.719531 0.017188 0.048438
0 0.819531 0.721875 0.007812 0.031250
2 0.200000 0.780469 0.387500 0.182812
2 0.519531 0.758594 0.232813 0.135937
2 0.704688 0.718750 0.062500 0.018750
4 0.135156 0.353906 0.270313 0.707812
4 0.242969 0.496094 0.010937 0.026562
4 0.859375 0.675781 0.078125 0.114062
4 0.077344 0.794531 0.154688 0.039062
5 0.437500 0.678125 0.100000 0.025000
5 0.971875 0.692187 0.015625 0.012500
6 0.953906 0.877344 0.073438 0.010937
6 0.928125 0.982812 0.140625 0.031250
6 0.435156 0.987500 0.064062 0.021875
