0 0.767188 0.533594 0.090625 0.179688
0 0.289062 0.496875 0.012500 0.043750
0 0.560937 0.501563 0.037500 0.053125
0 0.990625 0.574219 0.015625 0.098437
0 0.991406 0.723437 0.014063 0.046875
1 0.702344 0.518750 0.039062 0.050000
2 0.487500 0.516406 0.050000 0.167187
2 0.232813 0.506250 0.146875 0.071875
3 0.823438 0.516406 0.031250 0.064062
3 0.039844 0.544531 0.079687 0.101562
3 0.330469 0.678906 0.239063 0.360938
3 0.496094 0.508594 0.014063 0.017188
3 0.642188 0.542969 0.046875 0.054688
4 0.692187 0.203906 0.062500 0.092188
4 0.302344 0.404687 0.092188 0.128125
4 0.967187 0.425000 0.025000 0.056250
4 0.564063 0.469531 0.015625 0.042188
5 0.962500 0.196875 0.071875 0.218750
5 0.854688 0.251563 0.146875 0.190625
5 0.291406 0.318750 0.073438 0.225000
5 0.689844 0.329688 0.126562 0.184375
5 0.130469 0.399219 0.260937 0.148438
5 0.613281 0.389062 0.082812 0.068750
5 0.541406 0.453906 0.048438 0.104688
5 0.285938 0.440625 0.028125 0.025000
5 0.932813 0.446875 0.012500 0.028125
