0 0.571875 0.333594 0.021875 0.082812
0 0.211719 0.438281 0.042188 0.154688
2 0.867969 0.277344 0.126562 0.085938
2 0.950781 0.262500 0.023438 0.021875
2 0.767969 0.288281 0.042188 0.048438
2 0.153125 0.312500 0.306250 0.090625
4 0.482031 0.153125 0.479687 0.306250
4 0.861719 0.190625 0.104688 0.084375
4 0.081250 0.344531 0.162500 0.089063
5 0.128906 0.142969 0.151562 0.017188
5 0.960156 0.203125 0.014063 0.037500
5 0.143750 0.242969 0.171875 0.029687
5 0.359375 0.387500 0.034375 0.043750
6 0.832031 0.379688 0.026562 0.006250
6 0.664062 0.392969 0.034375 0.007812
