0 0.100781 0.540625 0.101562 0.134375
0 0.760156 0.552344 0.176563 0.154688
0 0.166406 0.495312 0.007812 0.031250
0 0.311719 0.496094 0.004687 0.032813
0 0.516406 0.509375 0.010937 0.053125
2 0.690625 0.532813 0.096875 0.112500
2 0.818750 0.539062 0.134375 0.125000
2 0.230469 0.500000 0.060937 0.037500
2 0.521094 0.509375 0.070312 0.031250
4 0.978125 0.458594 0.040625 0.095312
5 0.978125 0.276562 0.040625 0.059375
5 0.625000 0.432812 0.025000 0.312500
5 0.157031 0.434375 0.023438 0.006250
5 0.646094 0.450000 0.117188 0.037500
5 0.923438 0.489844 0.084375 0.110937
5 0.782813 0.460938 0.131250 0.031250
5 0.016406 0.517969 0.023438 0.054688
6 0.784375 0.629687 0.162500 0.031250
6 0.434375 0.678125 0.137500 0.037500
7 0.903125 0.502344 0.006250 0.017188
8 0.269531 0.642969 0.217188 0.142187
8 0.049219 0.684375 0.098437 0.159375
