0 0.975000 0.450781 0.028125 0.060937
0 0.499219 0.479687 0.132812 0.075000
0 0.397656 0.485156 0.020313 0.082812
0 0.626563 0.473438 0.109375 0.046875
0 0.290625 0.497656 0.009375 0.073438
1 0.564844 0.489063 0.023438 0.028125
2 0.896875 0.460156 0.093750 0.023438
2 0.789844 0.469531 0.026562 0.026562
2 0.607812 0.485156 0.046875 0.020313
2 0.334375 0.507031 0.212500 0.039062
2 0.058594 0.532031 0.051562 0.054688
2 0.178125 0.521875 0.053125 0.025000
4 0.590625 0.390625 0.165625 0.140625
4 0.339062 0.429688 0.112500 0.137500
4 0.445312 0.425000 0.059375 0.081250
4 0.968750 0.458594 0.059375 0.023438
5 0.332031 0.007812 0.017188 0.015625
5 0.110156 0.413281 0.092188 0.251563
5 0.761719 0.397656 0.007812 0.067187
5 0.579688 0.454688 0.096875 0.081250
5 0.496094 0.468750 0.035937 0.068750
7 0.330469 0.510156 0.014063 0.026562
