0 0.095312 0.585156 0.093750 0.129688
0 0.193750 0.559375 0.021875 0.065625
0 0.489844 0.577344 0.014063 0.045312
0 0.692969 0.604688 0.035937 0.090625
2 0.538281 0.672656 0.407813 0.257812
2 0.245312 0.557813 0.012500 0.018750
2 0.736719 0.579688 0.039062 0.059375
2 0.500781 0.583594 0.010937 0.020313
2 0.855469 0.598437 0.076563 0.034375
2 0.936719 0.603906 0.039062 0.029687
4 0.929688 0.272656 0.137500 0.545312
5 0.166406 0.478125 0.117188 0.031250
5 0.345313 0.518750 0.021875 0.012500
6 0.102344 0.745313 0.110937 0.037500
