2 0.602344 0.696094 0.173437 0.220312
2 0.912500 0.682813 0.171875 0.181250
2 0.377344 0.637500 0.135937 0.056250
2 0.206250 0.655469 0.096875 0.054688
2 0.757812 0.669531 0.037500 0.067187
2 0.503125 0.653125 0.018750 0.031250
2 0.006250 0.675781 0.012500 0.048438
3 0.492969 0.711719 0.114062 0.176563
3 0.266406 0.662500 0.014063 0.015625
3 0.775000 0.732031 0.109375 0.148438
3 0.055469 0.679688 0.104688 0.040625
3 0.413281 0.802344 0.070312 0.195312
4 0.328906 0.599219 0.048438 0.110937
5 0.945312 0.496094 0.106250 0.126562
5 0.485156 0.455469 0.020313 0.020313
5 0.296094 0.537500 0.060937 0.103125
5 0.064844 0.526563 0.129688 0.059375
5 0.809375 0.558594 0.053125 0.048438
5 0.528125 0.593750 0.012500 0.009375
