2 0.217969 0.653906 0.435937 0.160938
2 0.958594 0.664844 0.079687 0.160938
2 0.625781 0.653125 0.232813 0.115625
2 0.470313 0.637500 0.065625 0.028125
3 0.751563 0.665625 0.065625 0.103125
3 0.838281 0.871875 0.195312 0.253125
4 0.971094 0.438281 0.054688 0.298438
4 0.910937 0.428125 0.059375 0.165625
4 0.796094 0.432812 0.007812 0.037500
4 0.720313 0.582812 0.012500 0.012500
5 0.922656 0.530469 0.057813 0.192188
5 0.740625 0.586719 0.096875 0.126562
5 0.644531 0.593750 0.020313 0.037500
8 0.236719 0.816406 0.473438 0.364063
