2 0.351562 0.638281 0.068750 0.039062
2 0.209375 0.652344 0.140625 0.045312
2 0.604688 0.640625 0.031250 0.021875
2 0.052344 0.718750 0.104688 0.106250
4 0.365625 0.550000 0.087500 0.037500
4 0.739844 0.635938 0.251563 0.087500
4 0.185938 0.617969 0.037500 0.048438
5 0.426563 0.571875 0.071875 0.043750
5 0.581250 0.594531 0.043750 0.035937
5 0.766406 0.596875 0.129688 0.031250
5 0.981250 0.594531 0.018750 0.014063
5 0.273438 0.628906 0.012500 0.032813
5 0.151562 0.651563 0.006250 0.018750
6 0.698438 0.822656 0.187500 0.079687
