2 0.980469 0.672656 0.035937 0.020313
2 0.910937 0.732031 0.175000 0.110937
2 0.220312 0.738281 0.121875 0.117188
2 0.592969 0.737500 0.220312 0.103125
2 0.342969 0.718750 0.035937 0.046875
3 0.374219 0.739062 0.023438 0.065625
4 0.959375 0.604688 0.078125 0.162500
4 0.684375 0.674219 0.459375 0.142187
4 0.032813 0.683594 0.065625 0.060937
4 0.484375 0.709375 0.046875 0.062500
5 0.925000 0.607812 0.146875 0.131250
5 0.421875 0.635156 0.031250 0.014063
5 0.593750 0.666406 0.006250 0.035937
5 0.096094 0.708594 0.123438 0.064062
8 0.296094 0.713281 0.051562 0.010937
8 0.729688 0.864844 0.537500 0.267188
