0 0.778906 0.757031 0.132812 0.332813
0 0.488281 0.637500 0.032813 0.087500
0 0.928906 0.780469 0.120313 0.357812
0 0.640625 0.619531 0.009375 0.023438
2 0.556250 0.659375 0.096875 0.096875
2 0.060156 0.692969 0.120313 0.142187
3 0.029687 0.707812 0.059375 0.159375
4 0.145313 0.479687 0.290625 0.465625
4 0.041406 0.609375 0.082812 0.103125
5 0.380469 0.521094 0.185938 0.067187
5 0.177344 0.524219 0.164062 0.042188
5 0.956250 0.540625 0.084375 0.068750
5 0.660156 0.588281 0.007812 0.017188
6 0.035156 0.957031 0.070312 0.045312
6 0.396875 0.992188 0.046875 0.012500
8 0.631250 0.643750 0.059375 0.037500
