0 0.014844 0.488281 0.029687 0.139063
0 0.628125 0.433594 0.006250 0.029687
0 0.427344 0.438281 0.007812 0.032813
0 0.814063 0.455469 0.028125 0.067187
0 0.952344 0.452344 0.054688 0.054688
0 0.326562 0.445312 0.006250 0.034375
2 0.375781 0.442969 0.098437 0.051562
2 0.513281 0.442188 0.032813 0.050000
2 0.157812 0.535156 0.262500 0.229687
3 0.989844 0.457031 0.017188 0.020313
3 0.016406 0.509375 0.032813 0.075000
4 0.743750 0.386719 0.084375 0.073438
4 0.597656 0.406250 0.032813 0.025000
5 0.242188 0.324219 0.103125 0.160938
5 0.485938 0.381250 0.071875 0.043750
5 0.354687 0.394531 0.031250 0.020313
5 0.571875 0.396094 0.050000 0.023438
5 0.764844 0.400781 0.007812 0.020313
