0 0.994531 0.570312 0.007812 0.021875
2 0.710938 0.582031 0.165625 0.054688
2 0.059375 0.566406 0.115625 0.020313
2 0.342969 0.568750 0.023438 0.021875
2 0.957031 0.606250 0.082812 0.087500
2 0.812500 0.575000 0.028125 0.009375
4 0.237500 0.496094 0.475000 0.264062
4 0.502344 0.411719 0.176563 0.079687
4 0.539062 0.602344 0.103125 0.051562
5 0.457813 0.484375 0.084375 0.131250
5 0.170313 0.511719 0.168750 0.145313
5 0.326562 0.471094 0.034375 0.026562
5 0.814063 0.501563 0.065625 0.015625
5 0.609375 0.571094 0.037500 0.070312
6 0.826562 0.639844 0.037500 0.004687
6 0.704688 0.683594 0.034375 0.007812
6 0.410156 0.735156 0.035937 0.007812
