0 0.276562 0.664844 0.050000 0.123438
0 0.771094 0.670312 0.042188 0.115625
0 0.554688 0.647656 0.009375 0.035937
1 0.147656 0.660156 0.007812 0.026562
2 0.883594 0.746875 0.229687 0.328125
2 0.477344 0.635156 0.170313 0.079687
2 0.242969 0.645312 0.032813 0.025000
3 0.212500 0.656250 0.106250 0.040625
3 0.093750 0.659375 0.015625 0.034375
3 0.800000 0.655469 0.015625 0.026562
4 0.047656 0.121094 0.095312 0.242188
4 0.930469 0.205469 0.135937 0.410938
4 0.577344 0.557813 0.092188 0.206250
4 0.726562 0.605469 0.028125 0.076563
6 0.435156 0.739844 0.035937 0.004687
6 0.232813 0.970313 0.125000 0.056250
7 0.621875 0.647656 0.009375 0.010937
7 0.020313 0.664062 0.025000 0.034375
