0 0.792188 0.658594 0.106250 0.229687
0 0.055469 0.621875 0.092188 0.137500
0 0.961719 0.586719 0.051562 0.039062
0 0.275000 0.642188 0.087500 0.134375
1 0.383594 0.587500 0.057813 0.015625
2 0.823438 0.616406 0.093750 0.107813
2 0.653906 0.580469 0.023438 0.020313
4 0.268750 0.371094 0.256250 0.482812
4 0.963281 0.523438 0.070312 0.128125
4 0.507812 0.553906 0.128125 0.082812
4 0.007031 0.609375 0.014063 0.012500
4 0.140625 0.678125 0.025000 0.025000
5 0.984375 0.509375 0.028125 0.065625
7 0.114062 0.578906 0.012500 0.042188
