0 0.695312 0.724219 0.018750 0.026562
2 0.948438 0.710156 0.065625 0.017188
2 0.417187 0.785156 0.150000 0.164062
2 0.610938 0.769531 0.162500 0.129688
2 0.091406 0.750000 0.057813 0.040625
3 0.723437 0.821094 0.084375 0.135937
4 0.776563 0.596094 0.196875 0.267188
4 0.535937 0.701562 0.078125 0.081250
4 0.476562 0.730469 0.006250 0.029687
5 0.197656 0.544531 0.120313 0.092188
5 0.268750 0.578125 0.018750 0.134375
5 0.373437 0.681250 0.012500 0.043750
5 0.017188 0.761719 0.034375 0.082812
7 0.228125 0.751563 0.021875 0.018750
8 0.882812 0.742969 0.231250 0.054688
