0 0.913281 0.702344 0.085938 0.114062
0 0.991406 0.703125 0.014063 0.112500
2 0.134375 0.695312 0.109375 0.031250
2 0.481250 0.703125 0.018750 0.025000
2 0.366406 0.710156 0.064062 0.032813
2 0.223438 0.709375 0.012500 0.021875
4 0.202344 0.577344 0.395313 0.345313
4 0.471875 0.590625 0.112500 0.203125
5 0.714844 0.673438 0.057813 0.034375
5 0.470313 0.665625 0.009375 0.015625
6 0.338281 0.780469 0.039062 0.004687
6 0.051562 0.803125 0.050000 0.006250
6 0.541406 0.832812 0.070312 0.009375
6 0.286719 0.867188 0.248438 0.037500
