0 0.309375 0.570312 0.125000 0.296875
1 0.014844 0.550000 0.029687 0.037500
1 0.220312 0.638281 0.100000 0.182812
1 0.342969 0.650781 0.126562 0.176563
1 0.685156 0.687500 0.035937 0.181250
2 0.429688 0.582031 0.212500 0.104688
2 0.645312 0.592969 0.168750 0.082812
2 0.913281 0.628125 0.170313 0.112500
4 0.584375 0.540625 0.081250 0.050000
5 0.010937 0.447656 0.021875 0.017188
5 0.183594 0.495312 0.148438 0.100000
5 0.638281 0.521094 0.029687 0.064062
5 0.400000 0.521094 0.112500 0.042188
5 0.766406 0.510938 0.048438 0.018750
