0 0.194531 0.373437 0.095312 0.050000
0 0.439844 0.413281 0.104688 0.073438
0 0.544531 0.421875 0.085938 0.084375
0 0.625781 0.428906 0.042188 0.079687
2 0.071875 0.592969 0.143750 0.557813
2 0.346094 0.393750 0.082812 0.037500
2 0.935156 0.463281 0.126562 0.064062
4 0.200000 0.199219 0.400000 0.398438
4 0.895312 0.427344 0.140625 0.039062
5 0.158594 0.360156 0.007812 0.035937
5 0.425000 0.371875 0.009375 0.025000
5 0.245312 0.373437 0.006250 0.021875
6 0.460938 0.475000 0.040625 0.025000
6 0.796875 0.521094 0.178125 0.048438
6 0.910937 0.542188 0.171875 0.065625
6 0.680469 0.734375 0.214062 0.084375
