0 0.052344 0.649219 0.026562 0.129688
2 0.518750 0.650781 0.137500 0.120313
2 0.328125 0.648438 0.187500 0.112500
2 0.725000 0.604688 0.046875 0.025000
2 0.200000 0.641406 0.062500 0.092188
2 0.794531 0.721875 0.407813 0.253125
2 0.021875 0.662500 0.043750 0.118750
4 0.853906 0.158594 0.289062 0.317188
4 0.492188 0.495312 0.375000 0.287500
4 0.035156 0.504687 0.070312 0.203125
5 0.866406 0.538281 0.017188 0.123438
5 0.735156 0.575781 0.176563 0.114062
5 0.550000 0.578906 0.143750 0.023438
5 0.002344 0.586719 0.004687 0.032813
6 0.410938 0.756250 0.034375 0.006250
