0 0.260156 0.709375 0.023438 0.043750
0 0.085156 0.732812 0.023438 0.046875
2 0.627344 0.753125 0.207813 0.231250
2 0.856250 0.710938 0.090625 0.040625
2 0.338281 0.713281 0.026562 0.029687
3 0.025000 0.723437 0.050000 0.053125
3 0.484375 0.735938 0.096875 0.071875
3 0.921094 0.722656 0.154688 0.042188
3 0.154688 0.725781 0.034375 0.042188
3 0.411719 0.776563 0.057813 0.131250
4 0.523438 0.543750 0.356250 0.290625
4 0.941406 0.625000 0.114062 0.100000
4 0.325781 0.621875 0.017188 0.043750
5 0.914062 0.528906 0.096875 0.089063
5 0.733594 0.583594 0.076563 0.148438
5 0.293750 0.653906 0.031250 0.073438
5 0.647656 0.650000 0.007812 0.018750
8 0.875781 0.788281 0.245312 0.145313
