0 0.863281 0.734375 0.073438 0.328125
0 0.796875 0.709375 0.087500 0.150000
0 0.986719 0.697656 0.023438 0.120313
0 0.359375 0.687500 0.018750 0.043750
0 0.514844 0.682813 0.070312 0.025000
0 0.642188 0.700000 0.087500 0.043750
0 0.721875 0.703125 0.012500 0.043750
1 0.822656 0.754687 0.029687 0.134375
2 0.153906 0.728125 0.307812 0.325000
2 0.420312 0.687500 0.103125 0.034375
2 0.694531 0.702344 0.101562 0.042188
4 0.029687 0.142969 0.059375 0.285938
4 0.625781 0.503906 0.407813 0.385937
5 0.958594 0.621094 0.079687 0.110937
5 0.530469 0.624219 0.098437 0.054688
5 0.831250 0.642188 0.040625 0.056250
5 0.257031 0.651563 0.067187 0.046875
7 0.875000 0.815625 0.040625 0.050000
8 0.597656 0.794531 0.114062 0.070312
