0 0.932031 0.615625 0.007812 0.031250
2 0.234375 0.525000 0.050000 0.056250
2 0.400000 0.562500 0.084375 0.037500
2 0.489063 0.571875 0.031250 0.040625
2 0.658594 0.682813 0.092188 0.112500
4 0.179688 0.096875 0.225000 0.193750
4 0.517188 0.458594 0.137500 0.245312
4 0.399219 0.485938 0.092188 0.125000
4 0.118750 0.673438 0.112500 0.181250
8 0.611719 0.712500 0.501563 0.350000
8 0.537500 0.575000 0.081250 0.043750
8 0.265625 0.673438 0.162500 0.237500
8 0.658594 0.625781 0.098437 0.064062
8 0.100781 0.735156 0.064062 0.120313
