0 0.860938 0.658594 0.015625 0.026562
0 0.067969 0.664062 0.039062 0.028125
0 0.199219 0.673438 0.067187 0.040625
0 0.261719 0.672656 0.010937 0.039062
0 0.748437 0.682031 0.006250 0.032813
2 0.593750 0.784375 0.303125 0.300000
2 0.383594 0.703125 0.089063 0.100000
2 0.084375 0.664844 0.012500 0.020313
3 0.319531 0.760156 0.073438 0.160938
4 0.757812 0.689844 0.037500 0.120313
5 0.007031 0.471094 0.014063 0.060937
5 0.814844 0.636719 0.098437 0.070312
5 0.878906 0.626563 0.026562 0.025000
5 0.154688 0.625781 0.046875 0.017188
5 0.629687 0.640625 0.006250 0.018750
