0 0.581250 0.553125 0.009375 0.028125
0 0.182031 0.585938 0.014063 0.034375
0 0.853906 0.601562 0.060937 0.065625
0 0.328125 0.600781 0.012500 0.054688
1 0.130469 0.617969 0.023438 0.045312
2 0.503906 0.600781 0.167187 0.132812
2 0.785937 0.775781 0.425000 0.445312
2 0.243750 0.607031 0.162500 0.064062
2 0.013281 0.664844 0.026562 0.073438
4 0.704688 0.486719 0.209375 0.195312
4 0.576562 0.510938 0.100000 0.209375
5 0.782031 0.399219 0.020313 0.039062
5 0.378125 0.450781 0.193750 0.129688
5 0.507031 0.448437 0.067187 0.103125
5 0.629687 0.528125 0.040625 0.043750
5 0.296875 0.546094 0.028125 0.023438
5 0.500000 0.553906 0.015625 0.035937
