0 0.411719 0.460156 0.026562 0.073438
2 0.167969 0.703906 0.335938 0.589063
2 0.951562 0.557813 0.093750 0.206250
2 0.863281 0.539844 0.035937 0.039062
4 0.567187 0.334375 0.231250 0.312500
4 0.845313 0.463281 0.128125 0.160938
4 0.564063 0.507031 0.025000 0.042188
5 0.442969 0.171094 0.085938 0.129688
5 0.721875 0.349219 0.056250 0.060937
5 0.513281 0.394531 0.107813 0.095312
5 0.847656 0.485156 0.014063 0.017188
6 0.360938 0.571094 0.050000 0.014063
6 0.861719 0.596094 0.029687 0.007812
6 0.992188 0.733594 0.012500 0.017188
