0 0.236719 0.550000 0.070312 0.090625
0 0.742969 0.546094 0.082812 0.073438
1 0.430469 0.496875 0.014063 0.012500
1 0.294531 0.560156 0.004687 0.035937
2 0.397656 0.514062 0.079687 0.087500
2 0.660937 0.647656 0.237500 0.289062
4 0.485156 0.335156 0.085938 0.032813
4 0.992969 0.569531 0.010937 0.026562
5 0.584375 0.260937 0.071875 0.056250
5 0.109375 0.426563 0.218750 0.084375
5 0.363281 0.421094 0.026562 0.035937
5 0.794531 0.441406 0.020313 0.032813
5 0.017969 0.700781 0.035937 0.089063
6 0.497656 0.689063 0.048438 0.028125
