0 0.890625 0.631250 0.015625 0.071875
0 0.694531 0.629687 0.092188 0.062500
0 0.110937 0.659375 0.140625 0.106250
0 0.431250 0.642969 0.040625 0.064062
0 0.005469 0.636719 0.010937 0.029687
1 0.803125 0.646094 0.006250 0.032813
2 0.271094 0.673438 0.132812 0.140625
2 0.526563 0.635156 0.100000 0.060937
4 0.146875 0.531250 0.125000 0.262500
4 0.614062 0.565625 0.021875 0.137500
4 0.033594 0.584375 0.067187 0.078125
5 0.731250 0.511719 0.050000 0.067187
5 0.371875 0.583594 0.015625 0.020313
6 0.535156 0.703125 0.085938 0.034375
6 0.421094 0.709375 0.045312 0.006250
6 0.690625 0.714063 0.043750 0.006250
7 0.010937 0.674219 0.021875 0.045312
