0 0.357812 0.591406 0.015625 0.064062
2 0.711719 0.683594 0.573438 0.629687
2 0.385937 0.596094 0.046875 0.032813
3 0.797656 0.543750 0.057813 0.087500
3 0.480469 0.600781 0.007812 0.039062
4 0.375781 0.488281 0.110937 0.217188
4 0.583594 0.462500 0.154688 0.059375
4 0.141406 0.546875 0.107813 0.125000
4 0.465625 0.535937 0.062500 0.050000
5 0.201563 0.063281 0.137500 0.126562
5 0.781250 0.117969 0.087500 0.123438
5 0.473438 0.319531 0.315625 0.057813
5 0.880469 0.382031 0.098437 0.117188
5 0.161719 0.541406 0.026562 0.035937
