0 0.495312 0.517969 0.075000 0.132812
0 0.304688 0.510156 0.062500 0.110937
0 0.390625 0.509375 0.018750 0.096875
0 0.155469 0.569531 0.051562 0.195312
2 0.281250 0.456250 0.140625 0.090625
2 0.476562 0.475000 0.165625 0.075000
2 0.158594 0.503125 0.085938 0.121875
2 0.667188 0.489844 0.209375 0.085938
2 0.868750 0.513281 0.184375 0.064062
2 0.981250 0.527344 0.034375 0.039062
4 0.291406 0.348438 0.160938 0.218750
4 0.054688 0.383594 0.009375 0.042188
6 0.185156 0.600000 0.017188 0.012500
6 0.608594 0.656250 0.042188 0.012500
6 0.731250 0.967969 0.093750 0.060937
7 0.572656 0.555469 0.020313 0.067187
