0 0.128906 0.439063 0.014063 0.021875
0 0.650000 0.539062 0.112500 0.065625
2 0.277344 0.469531 0.095312 0.042188
2 0.458594 0.507031 0.010937 0.017188
3 0.019531 0.432812 0.039062 0.021875
3 0.198437 0.466406 0.012500 0.010937
3 0.618750 0.552344 0.012500 0.039062
3 0.500781 0.561719 0.029687 0.054688
4 0.411719 0.467187 0.048438 0.034375
5 0.956250 0.100781 0.084375 0.201563
5 0.782031 0.251563 0.270313 0.396875
5 0.172656 0.364063 0.345313 0.203125
5 0.606250 0.425781 0.065625 0.095312
5 0.217188 0.450781 0.034375 0.048438
5 0.400000 0.457813 0.109375 0.056250
5 0.796094 0.523438 0.032813 0.181250
5 0.571875 0.508594 0.043750 0.026562
6 0.916406 0.770312 0.164062 0.128125
8 0.214062 0.510938 0.428125 0.143750
