0 0.192188 0.595313 0.021875 0.093750
2 0.246094 0.582031 0.101562 0.067187
2 0.346875 0.572656 0.100000 0.029687
2 0.574219 0.675000 0.348438 0.225000
2 0.044531 0.640625 0.089063 0.128125
2 0.890625 0.619531 0.215625 0.079687
3 0.054688 0.598437 0.109375 0.140625
4 0.096094 0.233594 0.192188 0.467187
4 0.293750 0.525000 0.053125 0.050000
5 0.223438 0.487500 0.134375 0.112500
5 0.553906 0.491406 0.026562 0.032813
5 0.386719 0.542969 0.092188 0.064062
5 0.736719 0.596875 0.020313 0.031250
7 0.747656 0.609375 0.007812 0.012500
8 0.350781 0.590625 0.095312 0.025000
