2 0.142187 0.685156 0.284375 0.626563
2 0.881250 0.620313 0.234375 0.378125
3 0.374219 0.476562 0.082812 0.056250
4 0.853125 0.315625 0.290625 0.306250
4 0.851562 0.386719 0.031250 0.107813
4 0.645312 0.456250 0.115625 0.046875
5 0.667188 0.377344 0.156250 0.082812
5 0.387500 0.382031 0.206250 0.060937
5 0.200000 0.388281 0.162500 0.057813
5 0.956250 0.396875 0.012500 0.018750
6 0.708594 0.576562 0.051562 0.009375
6 0.487500 0.619531 0.043750 0.010937
6 0.745313 0.687500 0.078125 0.025000
6 0.486719 0.746875 0.085938 0.031250
