0 0.363281 0.668750 0.070312 0.081250
0 0.659375 0.676562 0.009375 0.034375
2 0.071875 0.685156 0.143750 0.098437
2 0.711719 0.817187 0.573438 0.362500
2 0.150781 0.695312 0.010937 0.034375
4 0.583594 0.574219 0.045312 0.154688
5 0.260156 0.444531 0.079687 0.214062
5 0.935937 0.496094 0.106250 0.051562
5 0.089063 0.536719 0.015625 0.023438
5 0.682031 0.600000 0.023438 0.150000
5 0.200000 0.546875 0.018750 0.018750
5 0.403906 0.571875 0.014063 0.015625
5 0.034375 0.606250 0.015625 0.043750
5 0.381250 0.693750 0.015625 0.040625
7 0.028125 0.712500 0.040625 0.093750
