0 0.425781 0.622656 0.067187 0.264062
0 0.273438 0.543750 0.021875 0.078125
0 0.539844 0.531250 0.020313 0.034375
1 0.307812 0.550000 0.037500 0.028125
1 0.707031 0.648438 0.120313 0.137500
1 0.840625 0.668750 0.156250 0.175000
1 0.547656 0.608594 0.023438 0.042188
2 0.507812 0.529687 0.096875 0.025000
2 0.759375 0.538281 0.084375 0.032813
2 0.820312 0.542188 0.025000 0.037500
4 0.039844 0.221094 0.079687 0.435937
4 0.964844 0.442188 0.067187 0.209375
5 0.062500 0.145313 0.015625 0.025000
5 0.174219 0.368750 0.007812 0.059375
5 0.858594 0.515625 0.067187 0.059375
5 0.359375 0.503906 0.006250 0.017188
5 0.507031 0.504687 0.010937 0.012500
5 0.228906 0.544531 0.023438 0.051562
7 0.922656 0.539062 0.010937 0.021875
