0 0.348438 0.664062 0.009375 0.043750
0 0.946875 0.677344 0.018750 0.042188
1 0.306250 0.671875 0.125000 0.043750
1 0.152344 0.722656 0.089063 0.132812
2 0.539844 0.686719 0.164062 0.104688
2 0.694531 0.687500 0.082812 0.103125
3 0.932031 0.754687 0.082812 0.106250
4 0.253125 0.513281 0.337500 0.451562
4 0.719531 0.642969 0.079687 0.126562
4 0.457813 0.642188 0.006250 0.028125
4 0.303906 0.655469 0.029687 0.039062
5 0.642969 0.517188 0.079687 0.137500
5 0.091406 0.535156 0.098437 0.076563
5 0.610156 0.642969 0.082812 0.076563
5 0.809375 0.642969 0.006250 0.035937
5 0.300781 0.646875 0.010937 0.040625
5 0.402344 0.661719 0.010937 0.060937
