0 0.232031 0.635938 0.229687 0.512500
0 0.416406 0.614844 0.120313 0.470313
0 0.635938 0.528906 0.075000 0.214062
2 0.971875 0.508594 0.053125 0.123438
2 0.569531 0.525781 0.057813 0.054688
2 0.278125 0.546875 0.050000 0.093750
4 0.153906 0.380469 0.026562 0.064062
4 0.646875 0.428906 0.015625 0.017188
5 0.902344 0.137500 0.192188 0.178125
5 0.400781 0.361719 0.082812 0.145313
5 0.528906 0.384375 0.173437 0.159375
5 0.264844 0.447656 0.057813 0.148438
5 0.939063 0.421875 0.118750 0.043750
5 0.748437 0.432812 0.053125 0.021875
5 0.496094 0.485938 0.064062 0.075000
5 0.909375 0.519531 0.034375 0.032813
6 0.300781 0.734375 0.026562 0.031250
