0 0.809375 0.513281 0.006250 0.023438
0 0.579688 0.647656 0.068750 0.248438
0 0.924219 0.544531 0.010937 0.039062
0 0.486719 0.682813 0.095312 0.143750
0 0.395313 0.676562 0.021875 0.121875
0 0.272656 0.917969 0.051562 0.160938
2 0.637500 0.491406 0.075000 0.057813
4 0.382812 0.040625 0.031250 0.081250
4 0.714063 0.442969 0.003125 0.029687
5 0.841406 0.395313 0.079687 0.168750
5 0.633594 0.404687 0.076563 0.059375
5 0.975781 0.460938 0.035937 0.040625
5 0.797656 0.467187 0.039062 0.015625
5 0.364063 0.566406 0.025000 0.060937
5 0.092969 0.838281 0.185938 0.320312
7 0.595313 0.939844 0.053125 0.117188
