0 0.726562 0.757031 0.100000 0.085938
0 0.579688 0.779687 0.037500 0.118750
0 0.469531 0.742969 0.017188 0.039062
1 0.643750 0.816406 0.100000 0.104688
1 0.846094 0.899219 0.220312 0.198437
1 0.332031 0.905469 0.082812 0.185938
1 0.232813 0.933594 0.121875 0.129688
2 0.132031 0.817969 0.264062 0.360938
2 0.366406 0.801562 0.151562 0.250000
2 0.588281 0.775000 0.132812 0.112500
2 0.745313 0.766406 0.021875 0.035937
2 0.295312 0.868750 0.040625 0.078125
3 0.489844 0.752344 0.079687 0.032813
4 0.200000 0.428125 0.018750 0.021875
5 0.474219 0.721094 0.070312 0.092188
7 0.706250 0.792969 0.059375 0.076563
