0 0.048438 0.750781 0.096875 0.495312
0 0.525781 0.537500 0.035937 0.059375
2 0.882812 0.512500 0.178125 0.053125
2 0.657031 0.528125 0.164062 0.053125
2 0.504687 0.537500 0.075000 0.056250
2 0.374219 0.549219 0.095312 0.054688
2 0.235937 0.551562 0.046875 0.046875
2 0.108594 0.571094 0.095312 0.082812
4 0.785156 0.232813 0.042188 0.121875
4 0.304688 0.501563 0.084375 0.118750
5 0.777344 0.453906 0.035937 0.198437
5 0.121094 0.510938 0.017188 0.034375
5 0.500000 0.510938 0.015625 0.018750
6 0.968750 0.636719 0.059375 0.014063
6 0.717187 0.803125 0.068750 0.031250
