0 0.961719 0.596094 0.073438 0.304688
0 0.796875 0.596094 0.090625 0.214062
0 0.889062 0.532031 0.012500 0.014063
0 0.705469 0.560937 0.017188 0.043750
0 0.478906 0.563281 0.007812 0.035937
1 0.617188 0.594531 0.062500 0.076563
1 0.296094 0.582812 0.010937 0.025000
2 0.909375 0.528125 0.009375 0.012500
2 0.143750 0.688281 0.287500 0.304688
2 0.451562 0.566406 0.050000 0.026562
2 0.322656 0.578906 0.048438 0.048438
4 0.461719 0.360938 0.148438 0.328125
4 0.421094 0.538281 0.042188 0.023438
4 0.788281 0.575000 0.004687 0.021875
5 0.039844 0.415625 0.017188 0.071875
5 0.646094 0.492969 0.032813 0.079687
5 0.145313 0.569531 0.025000 0.010937
6 0.578125 0.678906 0.050000 0.010937
