0 0.751563 0.544531 0.093750 0.139063
2 0.559375 0.552344 0.140625 0.195312
2 0.846094 0.548438 0.157812 0.100000
2 0.133594 0.546094 0.267188 0.082812
2 0.428125 0.547656 0.056250 0.057813
4 0.871875 0.256250 0.253125 0.512500
4 0.572656 0.392969 0.420312 0.332813
4 0.111719 0.433594 0.189062 0.185938
6 0.425781 0.610156 0.023438 0.004687
6 0.716406 0.627344 0.029687 0.004687
6 0.874219 0.630469 0.042188 0.007812
6 0.121094 0.630469 0.029687 0.004687
6 0.332031 0.703906 0.051562 0.020313
7 0.867188 0.564844 0.053125 0.070312
