0 0.028906 0.634375 0.010937 0.040625
2 0.588281 0.584375 0.032813 0.043750
2 0.393750 0.619531 0.243750 0.085938
2 0.282813 0.663281 0.159375 0.148438
2 0.135156 0.650781 0.129688 0.107813
4 0.814063 0.518750 0.140625 0.146875
4 0.185938 0.546875 0.184375 0.146875
4 0.317188 0.547656 0.071875 0.070312
4 0.117188 0.570312 0.050000 0.028125
5 0.700781 0.428906 0.085938 0.048438
5 0.967969 0.518750 0.060937 0.134375
5 0.566406 0.499219 0.064062 0.029687
5 0.333594 0.511719 0.095312 0.029687
5 0.171094 0.585156 0.017188 0.026562
7 0.653906 0.631250 0.014063 0.034375
