0 0.644531 0.699219 0.007812 0.032813
2 0.235937 0.716406 0.271875 0.145313
2 0.483594 0.710938 0.135937 0.071875
4 0.871875 0.163281 0.015625 0.039062
4 0.158594 0.592187 0.317188 0.306250
4 0.928125 0.688281 0.056250 0.042188
5 0.671875 0.187500 0.046875 0.040625
5 0.835156 0.194531 0.082812 0.035937
5 0.561719 0.460938 0.023438 0.012500
5 0.453906 0.513281 0.029687 0.007812
5 0.450000 0.643750 0.009375 0.012500
5 0.803125 0.681250 0.012500 0.028125
6 0.524219 0.800000 0.051562 0.015625
6 0.874219 0.803125 0.042188 0.003125
