0 0.568750 0.483594 0.078125 0.245312
0 0.686719 0.438281 0.007812 0.070312
1 0.647656 0.511719 0.085938 0.176563
1 0.476562 0.453906 0.065625 0.048438
1 0.793750 0.649219 0.115625 0.292187
2 0.743750 0.431250 0.112500 0.075000
2 0.650000 0.426563 0.050000 0.062500
4 0.034375 0.228906 0.068750 0.226562
4 0.617969 0.314844 0.123438 0.282813
4 0.442969 0.317969 0.010937 0.139063
5 0.681250 0.363281 0.021875 0.032813
5 0.442188 0.427344 0.012500 0.076563
6 0.778906 0.501563 0.032813 0.006250
6 0.927344 0.579688 0.123438 0.056250
