0 0.111719 0.662500 0.020313 0.075000
0 0.400781 0.661719 0.079687 0.073438
0 0.969531 0.739062 0.057813 0.203125
0 0.476562 0.674219 0.015625 0.060937
0 0.716406 0.704688 0.023438 0.106250
1 0.383594 0.693750 0.010937 0.046875
2 0.645312 0.635156 0.137500 0.123438
2 0.473438 0.622656 0.031250 0.029687
2 0.776563 0.714844 0.103125 0.132812
2 0.014063 0.709375 0.028125 0.068750
4 0.163281 0.242188 0.176563 0.215625
4 0.021875 0.337500 0.009375 0.021875
4 0.560937 0.557031 0.018750 0.057813
5 0.009375 0.330469 0.018750 0.051562
5 0.121094 0.569531 0.054688 0.135937
5 0.421094 0.573438 0.017188 0.059375
6 0.422656 0.760156 0.035937 0.004687
