1 0.678125 0.609375 0.046875 0.078125
2 0.090625 0.684375 0.181250 0.359375
2 0.694531 0.583594 0.145313 0.079687
2 0.489063 0.588281 0.146875 0.076563
2 0.193750 0.630469 0.012500 0.048438
5 0.305469 0.428125 0.057813 0.068750
5 0.864062 0.509375 0.059375 0.221875
5 0.003125 0.452344 0.006250 0.057813
5 0.671094 0.565625 0.120313 0.165625
5 0.208594 0.526563 0.048438 0.046875
5 0.441406 0.550000 0.101562 0.062500
5 0.503125 0.549219 0.015625 0.039062
6 0.432812 0.703125 0.028125 0.009375
7 0.563281 0.591406 0.014063 0.029687
