0 0.671094 0.716406 0.017188 0.054688
0 0.780469 0.707812 0.045312 0.037500
0 0.360156 0.722656 0.017188 0.054688
1 0.831250 0.728125 0.100000 0.037500
2 0.543750 0.718750 0.259375 0.153125
2 0.238281 0.734375 0.235937 0.103125
2 0.769531 0.714063 0.010937 0.021875
2 0.025000 0.742969 0.050000 0.067187
4 0.792188 0.655469 0.106250 0.135937
4 0.258594 0.670312 0.329688 0.118750
4 0.017188 0.678125 0.034375 0.062500
5 0.714844 0.610156 0.029687 0.039062
5 0.827344 0.603125 0.017188 0.006250
5 0.085156 0.656250 0.085938 0.071875
5 0.893750 0.716406 0.018750 0.029687
