0 0.353125 0.531250 0.046875 0.059375
0 0.059375 0.529687 0.012500 0.031250
0 0.864062 0.578906 0.037500 0.029687
2 0.435156 0.547656 0.110937 0.035937
2 0.553125 0.559375 0.093750 0.037500
4 0.262500 0.221094 0.106250 0.095312
4 0.247656 0.433594 0.145313 0.323437
4 0.181250 0.361719 0.009375 0.023438
4 0.509375 0.511719 0.018750 0.054688
4 0.005469 0.602344 0.010937 0.054688
5 0.103125 0.095312 0.040625 0.146875
5 0.116406 0.316406 0.101562 0.242188
5 0.568750 0.287500 0.075000 0.053125
5 0.845313 0.467969 0.087500 0.120313
5 0.323437 0.448437 0.046875 0.040625
5 0.546094 0.485938 0.092188 0.093750
5 0.688281 0.460938 0.026562 0.028125
6 0.432031 0.651563 0.054688 0.009375
