0 0.107813 0.521094 0.050000 0.032813
0 0.251563 0.539062 0.034375 0.050000
0 0.784375 0.526563 0.009375 0.021875
0 0.922656 0.668750 0.070312 0.131250
2 0.141406 0.525000 0.167187 0.084375
2 0.038281 0.547656 0.076563 0.104688
2 0.660156 0.524219 0.126562 0.045312
2 0.814063 0.612500 0.128125 0.206250
3 0.016406 0.516406 0.023438 0.029687
3 0.214844 0.514062 0.017188 0.021875
3 0.679688 0.533594 0.081250 0.057813
3 0.460938 0.805469 0.084375 0.167187
4 0.085938 0.386719 0.171875 0.232813
4 0.271875 0.423438 0.203125 0.140625
4 0.859375 0.504687 0.218750 0.053125
5 0.746875 0.513281 0.006250 0.023438
6 0.815625 0.839063 0.025000 0.015625
