0 0.900000 0.686719 0.012500 0.070312
2 0.290625 0.672656 0.221875 0.273438
2 0.617188 0.704688 0.318750 0.093750
2 0.964844 0.796094 0.067187 0.204687
2 0.003125 0.747656 0.006250 0.032813
4 0.994531 0.509375 0.007812 0.106250
4 0.459375 0.600781 0.150000 0.145313
4 0.113281 0.606250 0.017188 0.065625
4 0.080469 0.723437 0.160938 0.068750
5 0.893750 0.678125 0.206250 0.081250
5 0.473438 0.657031 0.012500 0.026562
5 0.757812 0.672656 0.059375 0.051562
5 0.131250 0.677344 0.031250 0.032813
6 0.792188 0.871094 0.071875 0.010937
