0 0.853906 0.529687 0.095312 0.056250
0 0.533594 0.563281 0.054688 0.070312
0 0.467187 0.600781 0.037500 0.126562
0 0.361719 0.591406 0.020313 0.070312
0 0.053906 0.600781 0.035937 0.057813
2 0.955469 0.512500 0.057813 0.021875
2 0.769531 0.542188 0.076563 0.040625
2 0.082031 0.590625 0.164062 0.087500
2 0.660937 0.588281 0.090625 0.079687
3 0.961719 0.575781 0.017188 0.039062
4 0.632812 0.470313 0.031250 0.025000
4 0.553906 0.524219 0.023438 0.010937
4 0.192188 0.604688 0.021875 0.025000
5 0.623437 0.442969 0.018750 0.026562
5 0.948438 0.442188 0.018750 0.025000
5 0.155469 0.514062 0.148438 0.018750
5 0.269531 0.535156 0.007812 0.017188
5 0.525781 0.557031 0.029687 0.057813
6 0.714844 0.917188 0.104688 0.046875
