0 0.157031 0.674219 0.129688 0.267188
0 0.335156 0.588281 0.067187 0.064062
0 0.025000 0.707031 0.050000 0.267188
2 0.708594 0.552344 0.242188 0.139063
2 0.515625 0.568750 0.150000 0.100000
2 0.934375 0.564844 0.128125 0.057813
2 0.274219 0.613281 0.064062 0.101562
3 0.646875 0.549219 0.009375 0.020313
3 0.852344 0.568750 0.060937 0.050000
4 0.135937 0.275781 0.271875 0.551562
4 0.409375 0.501563 0.012500 0.018750
5 0.978906 0.482031 0.020313 0.004687
5 0.612500 0.509375 0.059375 0.006250
6 0.392188 0.657031 0.050000 0.004687
6 0.407031 0.803906 0.135937 0.060937
