0 0.942187 0.740625 0.075000 0.228125
0 0.300000 0.700000 0.012500 0.043750
1 0.565625 0.763281 0.018750 0.060937
2 0.361719 0.745313 0.126562 0.137500
2 0.189844 0.712500 0.060937 0.040625
3 0.503906 0.728125 0.104688 0.071875
3 0.126562 0.717969 0.046875 0.035937
3 0.432031 0.734375 0.017188 0.040625
4 0.050000 0.573438 0.075000 0.053125
4 0.208594 0.741406 0.176563 0.060937
5 0.592969 0.614062 0.017188 0.031250
5 0.185156 0.645312 0.020313 0.025000
5 0.460938 0.667188 0.018750 0.037500
5 0.042188 0.678906 0.084375 0.029687
8 0.153125 0.859375 0.306250 0.275000
