1 0.932813 0.752344 0.131250 0.095312
1 0.368750 0.734375 0.040625 0.031250
1 0.145313 0.742969 0.106250 0.032813
1 0.237500 0.740625 0.068750 0.028125
2 0.102344 0.721094 0.173437 0.060937
2 0.694531 0.710938 0.179688 0.040625
2 0.541406 0.719531 0.117188 0.039062
4 0.510156 0.637500 0.020313 0.125000
4 0.787500 0.649219 0.025000 0.085938
4 0.193750 0.711719 0.009375 0.026562
5 0.414844 0.671094 0.060937 0.014063
5 0.510938 0.671875 0.056250 0.009375
5 0.123438 0.708594 0.012500 0.026562
7 0.045312 0.740625 0.018750 0.028125
