0 0.822656 0.494531 0.089063 0.179688
0 0.708594 0.504687 0.064062 0.190625
0 0.980469 0.455469 0.004687 0.035937
0 0.456250 0.527344 0.037500 0.164062
0 0.189062 0.544531 0.043750 0.182812
0 0.539844 0.513281 0.023438 0.082812
2 0.927344 0.484375 0.079687 0.065625
4 0.685156 0.276562 0.039062 0.096875
4 0.171875 0.315625 0.068750 0.131250
5 0.406250 0.337500 0.053125 0.171875
5 0.753906 0.303906 0.029687 0.048438
5 0.079687 0.365625 0.159375 0.096875
5 0.259375 0.393750 0.128125 0.096875
5 0.942969 0.400781 0.085938 0.051562
5 0.706250 0.467187 0.103125 0.096875
5 0.543750 0.450000 0.009375 0.021875
5 0.048438 0.532813 0.040625 0.140625
6 0.294531 0.640625 0.114062 0.043750
6 0.900000 0.628906 0.050000 0.007812
6 0.205469 0.657031 0.042188 0.017188
