0 0.814063 0.613281 0.062500 0.054688
0 0.429688 0.622656 0.062500 0.039062
1 0.699219 0.628906 0.042188 0.029687
1 0.375000 0.644531 0.015625 0.042188
2 0.585156 0.623437 0.214062 0.093750
2 0.745313 0.614062 0.087500 0.040625
4 0.925000 0.055469 0.021875 0.035937
4 0.715625 0.553125 0.112500 0.087500
4 0.281250 0.639062 0.093750 0.075000
5 0.973437 0.135937 0.050000 0.131250
5 0.926562 0.301563 0.043750 0.262500
5 0.356250 0.639062 0.009375 0.031250
5 0.023438 0.684375 0.046875 0.084375
7 0.953906 0.626563 0.032813 0.053125
