0 0.568750 0.587500 0.009375 0.028125
0 0.695312 0.582812 0.006250 0.018750
0 0.028125 0.607812 0.056250 0.062500
0 0.783594 0.610156 0.004687 0.029687
0 0.398438 0.639844 0.018750 0.067187
2 0.565625 0.626563 0.175000 0.125000
2 0.953906 0.592187 0.089063 0.050000
2 0.827344 0.692187 0.332813 0.212500
2 0.070312 0.761719 0.140625 0.126562
3 0.340625 0.589063 0.025000 0.031250
3 0.410938 0.755469 0.106250 0.085938
4 0.743750 0.074219 0.209375 0.148438
4 0.572656 0.506250 0.073438 0.109375
5 0.896875 0.447656 0.068750 0.017188
5 0.725781 0.450000 0.070312 0.018750
5 0.426563 0.485938 0.006250 0.053125
5 0.686719 0.556250 0.004687 0.028125
