2 0.539062 0.582812 0.109375 0.103125
2 0.882812 0.585938 0.100000 0.053125
2 0.082812 0.616406 0.159375 0.098437
2 0.256250 0.592969 0.125000 0.039062
2 0.421875 0.589844 0.012500 0.014063
4 0.916406 0.516406 0.164062 0.385937
4 0.800000 0.527344 0.181250 0.248438
4 0.026562 0.550781 0.053125 0.160938
4 0.805469 0.521094 0.007812 0.035937
4 0.566406 0.568750 0.010937 0.021875
5 0.911719 0.528125 0.026562 0.009375
5 0.637500 0.553125 0.084375 0.031250
5 0.261719 0.585938 0.007812 0.015625
6 0.360156 0.650781 0.039062 0.004687
6 0.635938 0.777344 0.065625 0.014063
8 0.242969 0.659375 0.485938 0.131250
8 0.600000 0.649219 0.087500 0.079687
8 0.178906 0.642188 0.104688 0.028125
