0 0.838281 0.523438 0.057813 0.168750
0 0.745313 0.531250 0.062500 0.181250
0 0.613281 0.577344 0.085938 0.117188
0 0.498437 0.595313 0.031250 0.078125
0 0.173437 0.630469 0.093750 0.054688
0 0.031250 0.646875 0.046875 0.068750
1 0.862500 0.736719 0.271875 0.523438
1 0.695312 0.681250 0.137500 0.271875
1 0.614062 0.675000 0.165625 0.225000
1 0.086719 0.650000 0.035937 0.046875
2 0.378125 0.628125 0.175000 0.165625
2 0.226562 0.633594 0.006250 0.017188
4 0.727344 0.414062 0.145313 0.359375
4 0.464844 0.576562 0.054688 0.037500
5 0.102344 0.533594 0.139063 0.085938
5 0.227344 0.599219 0.023438 0.029687
7 0.514062 0.599219 0.006250 0.045312
