0 0.078906 0.697656 0.157812 0.598437
0 0.263281 0.701562 0.148438 0.593750
0 0.604688 0.530469 0.146875 0.207813
0 0.728125 0.491406 0.087500 0.098437
0 0.517969 0.468750 0.026562 0.043750
0 0.339844 0.481250 0.010937 0.021875
1 0.496094 0.552344 0.110937 0.092188
2 0.915625 0.531250 0.165625 0.193750
2 0.471094 0.499219 0.148438 0.085938
2 0.604688 0.470313 0.021875 0.015625
2 0.197656 0.483594 0.089063 0.035937
2 0.013281 0.507031 0.023438 0.042188
3 0.392969 0.547656 0.110937 0.104688
4 0.044531 0.333594 0.089063 0.164062
4 0.487500 0.427344 0.065625 0.070312
4 0.592969 0.519531 0.007812 0.017188
5 0.885156 0.186719 0.226562 0.214062
5 0.075000 0.252344 0.096875 0.064062
5 0.968750 0.317188 0.059375 0.153125
5 0.725781 0.427344 0.007812 0.045312
7 0.526563 0.500781 0.040625 0.057813
