1 0.817969 0.425000 0.017188 0.028125
1 0.581250 0.517969 0.025000 0.045312
2 0.865625 0.410156 0.028125 0.035937
2 0.969531 0.436719 0.014063 0.045312
2 0.031250 0.452344 0.062500 0.039062
3 0.867969 0.417187 0.048438 0.025000
4 0.535937 0.489063 0.040625 0.078125
4 0.635156 0.486719 0.042188 0.060937
5 0.330469 0.020313 0.051562 0.040625
5 0.572656 0.125781 0.129688 0.251563
5 0.441406 0.231250 0.185938 0.146875
5 0.813281 0.348438 0.057813 0.159375
5 0.692969 0.376563 0.017188 0.168750
6 0.781250 0.489844 0.028125 0.004687
6 0.977344 0.611719 0.042188 0.073438
