2 0.796094 0.754687 0.404687 0.390625
2 0.195312 0.676562 0.150000 0.150000
2 0.464844 0.684375 0.254688 0.100000
3 0.425000 0.685156 0.081250 0.029687
4 0.817187 0.489063 0.262500 0.168750
4 0.057031 0.595313 0.114062 0.137500
4 0.579688 0.614062 0.053125 0.071875
4 0.269531 0.619531 0.020313 0.014063
5 0.891406 0.339844 0.082812 0.323437
5 0.654687 0.269531 0.146875 0.070312
5 0.968750 0.503125 0.059375 0.315625
5 0.654687 0.424219 0.100000 0.045312
5 0.632031 0.568750 0.057813 0.137500
5 0.500000 0.576562 0.009375 0.071875
8 0.062500 0.696875 0.125000 0.065625
