0 0.789844 0.545312 0.126562 0.178125
0 0.189062 0.491406 0.021875 0.032813
0 0.361719 0.517188 0.026562 0.068750
0 0.968750 0.605469 0.059375 0.085938
1 0.188281 0.655469 0.095312 0.220312
1 0.289062 0.655469 0.090625 0.210938
2 0.109375 0.575000 0.218750 0.196875
2 0.612500 0.538281 0.178125 0.107813
4 0.682031 0.453125 0.020313 0.034375
4 0.911719 0.528125 0.039062 0.096875
5 0.844531 0.370312 0.048438 0.075000
5 0.141406 0.366406 0.023438 0.029687
5 0.322656 0.437500 0.039062 0.021875
5 0.482812 0.483594 0.062500 0.070312
