0 0.443750 0.774219 0.015625 0.042188
0 0.853125 0.773438 0.006250 0.031250
0 0.668750 0.770312 0.009375 0.015625
2 0.094531 0.848437 0.189062 0.228125
2 0.773438 0.787500 0.181250 0.106250
2 0.592969 0.780469 0.129688 0.067187
2 0.404687 0.783594 0.046875 0.057813
2 0.275000 0.782031 0.025000 0.045312
3 0.368750 0.844531 0.034375 0.073438
4 0.240625 0.659375 0.128125 0.218750
4 0.878125 0.783594 0.021875 0.026562
5 0.361719 0.643750 0.157812 0.050000
5 0.506250 0.655469 0.125000 0.035937
5 0.083594 0.666406 0.023438 0.045312
5 0.601562 0.700000 0.084375 0.040625
