0 0.788281 0.453906 0.073438 0.176563
0 0.367969 0.420312 0.020313 0.028125
2 0.949219 0.452344 0.098437 0.157812
2 0.553906 0.421094 0.214062 0.073438
2 0.373437 0.421875 0.112500 0.046875
4 0.916406 0.185938 0.164062 0.371875
4 0.585938 0.345313 0.062500 0.100000
4 0.852344 0.379688 0.073438 0.031250
4 0.191406 0.406250 0.020313 0.021875
5 0.112500 0.185938 0.225000 0.371875
5 0.637500 0.374219 0.050000 0.101562
5 0.746875 0.351562 0.059375 0.012500
5 0.022656 0.444531 0.045312 0.076563
6 0.603125 0.482812 0.037500 0.006250
