0 0.921094 0.432812 0.029687 0.040625
0 0.380469 0.439844 0.039062 0.039062
0 0.107031 0.467969 0.032813 0.085938
2 0.025781 0.493750 0.051562 0.171875
2 0.545312 0.444531 0.109375 0.029687
2 0.325000 0.453125 0.028125 0.040625
3 0.436719 0.450781 0.045312 0.029687
3 0.135156 0.461719 0.035937 0.035937
3 0.559375 0.482812 0.025000 0.050000
4 0.071875 0.370312 0.143750 0.334375
4 0.324219 0.428906 0.026562 0.014063
5 0.028906 0.182031 0.057813 0.064062
5 0.315625 0.307031 0.046875 0.104688
5 0.095312 0.331250 0.043750 0.071875
5 0.237500 0.353125 0.037500 0.096875
5 0.010156 0.367969 0.020313 0.051562
5 0.414062 0.433594 0.068750 0.045312
