0 0.793750 0.610156 0.065625 0.195312
0 0.400781 0.592187 0.082812 0.106250
1 0.835938 0.589063 0.018750 0.043750
1 0.552344 0.589844 0.007812 0.026562
1 0.264062 0.609375 0.084375 0.059375
1 0.083594 0.617188 0.167187 0.062500
2 0.730469 0.569531 0.014063 0.014063
4 0.685937 0.489063 0.131250 0.118750
5 0.907813 0.564063 0.181250 0.312500
5 0.118750 0.521094 0.056250 0.092188
5 0.581250 0.492188 0.006250 0.015625
5 0.460938 0.546875 0.081250 0.062500
5 0.262500 0.540625 0.100000 0.037500
7 0.875000 0.619531 0.031250 0.073438
