0 0.311719 0.731250 0.010937 0.037500
0 0.907813 0.767188 0.043750 0.103125
0 0.528906 0.748437 0.023438 0.050000
2 0.418750 0.742188 0.134375 0.087500
2 0.645312 0.742188 0.065625 0.040625
2 0.212500 0.747656 0.109375 0.039062
4 0.475781 0.655469 0.032813 0.104688
4 0.367969 0.694531 0.060937 0.079687
4 0.490625 0.747656 0.012500 0.010937
5 0.064062 0.464062 0.128125 0.256250
5 0.422656 0.580469 0.039062 0.070312
5 0.056250 0.617969 0.112500 0.132812
5 0.943750 0.625781 0.103125 0.060937
5 0.636719 0.653125 0.195312 0.112500
5 0.329688 0.664062 0.081250 0.050000
5 0.439063 0.685156 0.068750 0.057813
5 0.562500 0.692187 0.028125 0.034375
8 0.328125 0.768750 0.125000 0.106250
8 0.071875 0.815625 0.140625 0.043750
8 0.207813 0.843750 0.103125 0.100000
8 0.092969 0.956250 0.098437 0.075000
