0 0.984375 0.622656 0.028125 0.145313
0 0.796094 0.634375 0.060937 0.106250
0 0.092188 0.637500 0.121875 0.093750
0 0.681250 0.626563 0.025000 0.053125
0 0.207813 0.642969 0.100000 0.076563
0 0.893750 0.645312 0.034375 0.065625
2 0.066406 0.740625 0.132812 0.312500
2 0.521094 0.635156 0.089063 0.076563
2 0.332813 0.650000 0.153125 0.096875
4 0.574219 0.585156 0.107813 0.076563
5 0.760156 0.467969 0.054688 0.032813
5 0.961719 0.541406 0.048438 0.101562
5 0.200781 0.555469 0.010937 0.020313
7 0.700000 0.647656 0.028125 0.054688
7 0.103125 0.650000 0.021875 0.021875
