0 0.631250 0.686719 0.012500 0.070312
2 0.955469 0.657031 0.085938 0.057813
2 0.778125 0.678906 0.206250 0.048438
2 0.893750 0.674219 0.018750 0.026562
2 0.353906 0.710938 0.182812 0.078125
2 0.592187 0.694531 0.121875 0.039062
2 0.483594 0.695312 0.054688 0.034375
2 0.154688 0.732031 0.165625 0.073438
4 0.285156 0.501563 0.195312 0.156250
4 0.867188 0.600781 0.065625 0.176563
4 0.818750 0.649219 0.015625 0.082812
4 0.471094 0.676562 0.076563 0.065625
5 0.972656 0.532813 0.051562 0.062500
5 0.357812 0.599219 0.109375 0.039062
5 0.523438 0.610938 0.018750 0.025000
5 0.737500 0.628125 0.046875 0.059375
5 0.313281 0.672656 0.182812 0.089063
6 0.553125 0.767969 0.025000 0.004687
6 0.125000 0.796875 0.050000 0.009375
7 0.479687 0.712500 0.050000 0.040625
