0 0.204687 0.517969 0.025000 0.048438
0 0.368750 0.542969 0.034375 0.092188
0 0.697656 0.541406 0.026562 0.042188
0 0.594531 0.532813 0.007812 0.021875
1 0.220312 0.567187 0.081250 0.065625
2 0.464062 0.567969 0.187500 0.139063
2 0.861719 0.658594 0.273438 0.317188
2 0.317969 0.553906 0.082812 0.082812
4 0.619531 0.415625 0.123438 0.203125
4 0.453125 0.441406 0.187500 0.157812
4 0.132812 0.514062 0.034375 0.043750
5 0.122656 0.240625 0.245312 0.137500
5 0.166406 0.421094 0.332813 0.185938
5 0.337500 0.439844 0.081250 0.104688
5 0.672656 0.452344 0.042188 0.095312
5 0.053125 0.500000 0.084375 0.168750
5 0.818750 0.475781 0.146875 0.051562
5 0.272656 0.557813 0.010937 0.034375
5 0.026562 0.623437 0.053125 0.112500
7 0.651563 0.548438 0.006250 0.021875
7 0.042188 0.596094 0.050000 0.110937
