0 0.754687 0.689844 0.018750 0.064062
0 0.648438 0.696875 0.009375 0.043750
0 0.454688 0.697656 0.062500 0.039062
2 0.138281 0.731250 0.276562 0.218750
2 0.572656 0.688281 0.035937 0.023438
2 0.969531 0.688281 0.029687 0.017188
3 0.943750 0.689844 0.037500 0.020313
3 0.483594 0.703906 0.095312 0.039062
3 0.674219 0.732031 0.101562 0.054688
4 0.155469 0.571875 0.157812 0.109375
4 0.361719 0.617188 0.079687 0.078125
4 0.610156 0.638281 0.098437 0.079687
4 0.025781 0.693750 0.051562 0.087500
5 0.077344 0.578906 0.154688 0.060937
5 0.261719 0.634375 0.054688 0.031250
5 0.497656 0.650000 0.014063 0.006250
