1 0.687500 0.678906 0.025000 0.089063
2 0.721094 0.602344 0.139063 0.114062
2 0.607031 0.651563 0.085938 0.081250
2 0.432812 0.713281 0.137500 0.098437
4 0.711719 0.517188 0.154688 0.268750
4 0.479687 0.557813 0.121875 0.250000
4 0.257812 0.539844 0.087500 0.173437
4 0.408594 0.571875 0.017188 0.068750
5 0.897656 0.285156 0.114062 0.092188
5 0.774219 0.332031 0.029687 0.101562
5 0.942187 0.482812 0.093750 0.196875
5 0.856250 0.561719 0.106250 0.089063
7 0.705469 0.667188 0.017188 0.056250
7 0.537500 0.648438 0.009375 0.015625
