0 0.453906 0.607031 0.110937 0.201563
0 0.244531 0.534375 0.032813 0.037500
0 0.137500 0.548438 0.018750 0.031250
1 0.844531 0.609375 0.007812 0.040625
2 0.566406 0.596094 0.279687 0.148438
2 0.230469 0.631250 0.367188 0.215625
2 0.293750 0.539844 0.009375 0.014063
2 0.753125 0.565625 0.078125 0.037500
2 0.960156 0.602344 0.035937 0.064062
2 0.007031 0.731250 0.014063 0.078125
4 0.885938 0.369531 0.225000 0.529687
4 0.301563 0.412500 0.006250 0.043750
5 0.376563 0.447656 0.021875 0.057813
5 0.295312 0.481250 0.015625 0.015625
5 0.950781 0.744531 0.095312 0.229687
6 0.653125 0.637500 0.103125 0.031250
