2 0.694531 0.336719 0.014063 0.032813
2 0.528125 0.338281 0.040625 0.032813
2 0.360938 0.407813 0.190625 0.168750
2 0.128125 0.552344 0.256250 0.454688
4 0.573438 0.246875 0.159375 0.209375
4 0.387500 0.218750 0.115625 0.093750
4 0.062500 0.387500 0.125000 0.053125
5 0.932031 0.131250 0.132812 0.159375
5 0.785937 0.214062 0.053125 0.031250
5 0.676562 0.278125 0.050000 0.153125
5 0.225000 0.273438 0.193750 0.081250
5 0.043750 0.246094 0.037500 0.020313
5 0.563281 0.272656 0.017188 0.032813
6 0.464062 0.457813 0.050000 0.009375
6 0.882031 0.458594 0.039062 0.007812
6 0.399219 0.581250 0.076563 0.015625
