0 0.877344 0.451562 0.126562 0.121875
0 0.678125 0.441406 0.031250 0.054688
1 0.627344 0.472656 0.114062 0.079687
1 0.475781 0.454688 0.076563 0.034375
1 0.366406 0.481250 0.104688 0.059375
1 0.030469 0.529687 0.051562 0.093750
2 0.539062 0.438281 0.046875 0.017188
4 0.622656 0.327344 0.098437 0.279687
4 0.503906 0.395313 0.073438 0.103125
5 0.877344 0.287500 0.198437 0.103125
5 0.994531 0.243750 0.007812 0.015625
5 0.417969 0.395313 0.051562 0.162500
5 0.771875 0.325781 0.006250 0.020313
5 0.131250 0.398438 0.050000 0.012500
5 0.347656 0.428906 0.010937 0.014063
5 0.202344 0.501563 0.026562 0.040625
