0 0.651563 0.585156 0.087500 0.085938
0 0.703906 0.566406 0.004687 0.023438
0 0.505469 0.583594 0.020313 0.054688
0 0.332031 0.575781 0.023438 0.023438
2 0.730469 0.572656 0.045312 0.026562
3 0.325781 0.600000 0.045312 0.037500
4 0.720313 0.439844 0.153125 0.307812
4 0.337500 0.464844 0.150000 0.185938
4 0.567969 0.528906 0.023438 0.057813
5 0.787500 0.521875 0.068750 0.112500
5 0.450000 0.535937 0.134375 0.109375
5 0.606250 0.512500 0.084375 0.043750
5 0.089844 0.539844 0.060937 0.092188
7 0.835938 0.589063 0.056250 0.068750
7 0.253906 0.597656 0.026562 0.042188
