0 0.656250 0.592969 0.021875 0.073438
0 0.915625 0.640625 0.031250 0.131250
0 0.168750 0.657813 0.075000 0.109375
0 0.274219 0.623437 0.007812 0.031250
2 0.456250 0.667188 0.321875 0.168750
2 0.159375 0.629687 0.062500 0.040625
2 0.004687 0.715625 0.009375 0.084375
3 0.873437 0.665625 0.056250 0.118750
4 0.920312 0.460156 0.156250 0.542188
4 0.683594 0.460156 0.026562 0.164062
4 0.332813 0.574219 0.028125 0.026562
4 0.166406 0.616406 0.014063 0.014063
5 0.949219 0.421875 0.098437 0.050000
5 0.829688 0.450000 0.037500 0.031250
5 0.815625 0.548438 0.071875 0.078125
5 0.335938 0.580469 0.046875 0.017188
5 0.560937 0.596094 0.018750 0.023438
