0 0.444531 0.407031 0.089063 0.320312
0 0.292969 0.348438 0.101562 0.134375
2 0.013281 0.324219 0.026562 0.042188
4 0.323437 0.177344 0.075000 0.304688
4 0.029687 0.185938 0.059375 0.115625
5 0.187500 0.122656 0.025000 0.145313
5 0.862500 0.285156 0.206250 0.317188
5 0.228125 0.263281 0.015625 0.057813
5 0.493750 0.271875 0.053125 0.062500
5 0.341406 0.353125 0.004687 0.025000
6 0.285156 0.456250 0.207813 0.009375
6 0.080469 0.500000 0.160938 0.068750
6 0.335938 0.557031 0.143750 0.035937
6 0.052344 0.567187 0.104688 0.031250
6 0.941406 0.732812 0.114062 0.050000
6 0.409375 0.838281 0.206250 0.107813
6 0.909375 0.933594 0.178125 0.129688
6 0.039844 0.982031 0.079687 0.032813
