0 0.221875 0.779687 0.040625 0.200000
0 0.955469 0.769531 0.085938 0.157812
0 0.391406 0.760156 0.010937 0.054688
2 0.460938 0.751563 0.140625 0.093750
2 0.828906 0.790625 0.201563 0.150000
2 0.636719 0.760156 0.067187 0.067187
4 0.889062 0.357812 0.218750 0.228125
4 0.958594 0.676562 0.079687 0.303125
4 0.629687 0.682031 0.053125 0.107813
4 0.176563 0.761719 0.071875 0.139063
5 0.735938 0.635156 0.028125 0.032813
5 0.668750 0.753906 0.012500 0.029687
6 0.981250 0.888281 0.034375 0.017188
8 0.706250 0.846875 0.175000 0.093750
8 0.917969 0.955469 0.160938 0.085938
