0 0.927344 0.414844 0.135937 0.057813
0 0.505469 0.439063 0.023438 0.090625
0 0.836719 0.419531 0.035937 0.045312
0 0.282813 0.511719 0.090625 0.223438
0 0.004687 0.505469 0.009375 0.054688
0 0.005469 0.703906 0.010937 0.064062
2 0.081250 0.449219 0.162500 0.139063
2 0.604688 0.457031 0.187500 0.139063
2 0.246094 0.456250 0.092188 0.109375
2 0.989062 0.465625 0.018750 0.112500
3 0.927344 0.432031 0.017188 0.026562
4 0.627344 0.360938 0.045312 0.068750
4 0.842187 0.416406 0.006250 0.032813
5 0.189062 0.044531 0.278125 0.089063
5 0.510938 0.292187 0.137500 0.228125
5 0.011719 0.238281 0.023438 0.060937
5 0.906250 0.316406 0.134375 0.107813
5 0.773438 0.325000 0.121875 0.103125
5 0.619531 0.357031 0.045312 0.060937
6 0.869531 0.520312 0.032813 0.006250
8 0.534375 0.710938 0.234375 0.575000
8 0.902344 0.500781 0.192188 0.092188
8 0.586719 0.682813 0.026562 0.084375
