0 0.256250 0.815625 0.025000 0.090625
0 0.410938 0.829688 0.090625 0.075000
2 0.032031 0.820312 0.064062 0.087500
2 0.753906 0.855469 0.101562 0.089063
2 0.924219 0.875000 0.148438 0.125000
2 0.426563 0.824219 0.015625 0.010937
2 0.626563 0.864844 0.062500 0.048438
4 0.203906 0.678906 0.407813 0.351562
5 0.270313 0.517188 0.006250 0.028125
5 0.141406 0.551562 0.032813 0.015625
5 0.782031 0.638281 0.129688 0.039062
5 0.855469 0.649219 0.007812 0.023438
5 0.816406 0.832031 0.007812 0.014063
6 0.275000 0.939844 0.050000 0.010937
