0 0.757812 0.808594 0.121875 0.264062
2 0.636719 0.723437 0.095312 0.037500
2 0.539844 0.742969 0.048438 0.048438
2 0.375000 0.773438 0.125000 0.084375
4 0.509375 0.553125 0.115625 0.375000
4 0.611719 0.638281 0.101562 0.173437
5 0.969531 0.270313 0.057813 0.165625
5 0.732031 0.518750 0.085938 0.146875
5 0.967187 0.510938 0.062500 0.131250
5 0.706250 0.695312 0.096875 0.100000
5 0.220312 0.721875 0.143750 0.150000
5 0.521094 0.683594 0.117188 0.070312
5 0.015625 0.678906 0.031250 0.042188
5 0.192969 0.771875 0.023438 0.050000
6 0.540625 0.993750 0.043750 0.009375
