0 0.935937 0.749219 0.125000 0.110937
0 0.770312 0.744531 0.100000 0.085938
0 0.510156 0.732031 0.082812 0.051562
0 0.128125 0.737500 0.156250 0.059375
0 0.023438 0.745313 0.018750 0.062500
1 0.837500 0.784375 0.046875 0.062500
2 0.629687 0.773438 0.165625 0.128125
2 0.310937 0.748437 0.134375 0.075000
3 0.434375 0.756250 0.025000 0.046875
4 0.335938 0.675781 0.206250 0.148438
4 0.637500 0.690625 0.075000 0.028125
5 0.144531 0.722656 0.020313 0.026562
8 0.496875 0.770312 0.096875 0.021875
8 0.855469 0.838281 0.285938 0.067187
