0 0.880469 0.684375 0.089063 0.159375
0 0.685937 0.699219 0.159375 0.107813
0 0.299219 0.675781 0.082812 0.032813
0 0.383594 0.682031 0.010937 0.020313
2 0.954688 0.609375 0.087500 0.059375
2 0.735938 0.661719 0.034375 0.051562
2 0.290625 0.707812 0.115625 0.087500
2 0.479687 0.712500 0.068750 0.084375
4 0.860938 0.325000 0.275000 0.609375
4 0.428906 0.648438 0.064062 0.050000
5 0.692969 0.525000 0.048438 0.040625
5 0.227344 0.607031 0.026562 0.020313
6 0.312500 0.837500 0.053125 0.015625
6 0.028906 0.864062 0.057813 0.028125
7 0.135937 0.689844 0.125000 0.070312
