0 0.503125 0.701562 0.040625 0.121875
0 0.842969 0.685937 0.026562 0.043750
0 0.605469 0.687500 0.010937 0.031250
1 0.633594 0.771094 0.101562 0.173437
1 0.565625 0.700781 0.025000 0.014063
2 0.110937 0.696875 0.221875 0.603125
2 0.417969 0.681250 0.270313 0.143750
3 0.242188 0.725000 0.115625 0.143750
3 0.299219 0.666406 0.017188 0.010937
3 0.408594 0.720313 0.039062 0.062500
4 0.630469 0.660937 0.004687 0.053125
5 0.964844 0.550781 0.067187 0.167187
5 0.154688 0.578906 0.056250 0.098437
5 0.817969 0.630469 0.082812 0.035937
5 0.680469 0.639062 0.014063 0.006250
5 0.933594 0.640625 0.054688 0.009375
