0 0.742188 0.530469 0.031250 0.032813
0 0.039844 0.575000 0.073438 0.084375
0 0.303125 0.558594 0.021875 0.039062
1 0.915625 0.542969 0.021875 0.032813
1 0.686719 0.568750 0.029687 0.043750
2 0.969531 0.534375 0.057813 0.096875
2 0.583594 0.568750 0.107813 0.140625
2 0.877344 0.544531 0.051562 0.057813
2 0.428906 0.569531 0.154688 0.098437
2 0.157812 0.585156 0.165625 0.085938
2 0.049219 0.567969 0.014063 0.029687
4 0.891406 0.519531 0.120313 0.060937
4 0.497656 0.512500 0.010937 0.034375
4 0.815625 0.528906 0.009375 0.051562
5 0.148438 0.469531 0.084375 0.082812
5 0.625781 0.521094 0.004687 0.026562
