0 0.929688 0.714844 0.137500 0.242188
0 0.781250 0.650781 0.015625 0.023438
0 0.438281 0.653125 0.060937 0.025000
0 0.676562 0.653125 0.006250 0.025000
0 0.257812 0.677344 0.075000 0.070312
0 0.355469 0.655469 0.010937 0.023438
1 0.307031 0.811719 0.614062 0.373437
1 0.213281 0.691406 0.032813 0.035937
2 0.575781 0.682813 0.235937 0.146875
2 0.869531 0.648438 0.014063 0.012500
2 0.748437 0.657031 0.037500 0.026562
2 0.017969 0.682031 0.035937 0.057813
3 0.096875 0.679688 0.043750 0.034375
4 0.058594 0.539062 0.117188 0.215625
4 0.521094 0.540625 0.135937 0.200000
