0 0.100781 0.506250 0.201563 0.150000
0 0.464062 0.467187 0.015625 0.034375
2 0.532813 0.457813 0.034375 0.018750
2 0.361719 0.477344 0.107813 0.035937
2 0.253906 0.471875 0.029687 0.018750
4 0.467969 0.442969 0.189062 0.073438
4 0.071094 0.421094 0.023438 0.026562
5 0.889062 0.179688 0.218750 0.325000
5 0.475781 0.260937 0.057813 0.087500
5 0.257812 0.316406 0.075000 0.029687
5 0.705469 0.420312 0.045312 0.059375
5 0.103125 0.457031 0.206250 0.057813
5 0.187500 0.466406 0.100000 0.029687
7 0.964063 0.507812 0.040625 0.068750
