0 0.572656 0.721875 0.051562 0.040625
2 0.712500 0.707812 0.168750 0.084375
2 0.503906 0.734375 0.148438 0.131250
2 0.305469 0.728906 0.054688 0.032813
2 0.004687 0.739062 0.009375 0.040625
4 0.295312 0.623437 0.190625 0.253125
4 0.397656 0.683594 0.076563 0.064062
5 0.725000 0.639062 0.037500 0.037500
5 0.032031 0.634375 0.014063 0.018750
5 0.607031 0.729688 0.014063 0.025000
6 0.860156 0.801562 0.057813 0.009375
6 0.649219 0.821875 0.045312 0.006250
7 0.039062 0.742969 0.059375 0.029687
8 0.167969 0.803125 0.335938 0.093750
