0 0.853906 0.710156 0.051562 0.060937
0 0.553125 0.710156 0.015625 0.054688
0 0.393750 0.721094 0.015625 0.054688
0 0.118750 0.725000 0.046875 0.053125
0 0.247656 0.730469 0.014063 0.054688
2 0.712500 0.767188 0.278125 0.240625
2 0.089063 0.737500 0.065625 0.031250
2 0.013281 0.732812 0.026562 0.018750
3 0.118750 0.730469 0.106250 0.042188
3 0.183594 0.728125 0.020313 0.021875
4 0.701562 0.039844 0.078125 0.079687
4 0.195312 0.694531 0.018750 0.085938
5 0.176563 0.705469 0.078125 0.085938
5 0.357812 0.692187 0.006250 0.015625
