0 0.459375 0.360156 0.062500 0.064062
0 0.729688 0.360156 0.050000 0.064062
0 0.035937 0.449219 0.056250 0.070312
2 0.876563 0.587500 0.243750 0.575000
2 0.586719 0.369531 0.157812 0.089063
2 0.714063 0.346875 0.037500 0.031250
2 0.433594 0.355469 0.057813 0.042188
2 0.271875 0.390625 0.093750 0.056250
2 0.024219 0.488281 0.048438 0.101562
4 0.988281 0.080469 0.020313 0.160938
4 0.445312 0.219531 0.037500 0.107813
4 0.906250 0.187500 0.009375 0.018750
4 0.657813 0.264844 0.078125 0.117188
5 0.393750 0.267188 0.025000 0.025000
5 0.765625 0.332031 0.075000 0.057813
6 0.705469 0.489844 0.051562 0.101562
7 0.427344 0.367969 0.004687 0.032813
