0 0.911719 0.628906 0.023438 0.057813
0 0.822656 0.625000 0.014063 0.043750
0 0.721094 0.667188 0.051562 0.090625
0 0.612500 0.667188 0.056250 0.075000
0 0.198437 0.703125 0.118750 0.128125
0 0.310156 0.695312 0.089063 0.075000
1 0.295312 0.718750 0.034375 0.053125
3 0.942187 0.650781 0.046875 0.042188
3 0.824219 0.657031 0.029687 0.035937
3 0.445312 0.679688 0.078125 0.056250
3 0.253125 0.721875 0.093750 0.087500
3 0.151562 0.730469 0.084375 0.060937
4 0.246094 0.557031 0.301563 0.129688
4 0.575000 0.607031 0.078125 0.045312
5 0.425781 0.671094 0.010937 0.026562
