0 0.405469 0.517969 0.104688 0.126562
0 0.753906 0.510156 0.089063 0.101562
0 0.939844 0.495312 0.117188 0.071875
0 0.841406 0.489844 0.007812 0.042188
0 0.614844 0.485156 0.007812 0.026562
1 0.667969 0.553125 0.117188 0.281250
1 0.799219 0.533594 0.054688 0.089063
1 0.560937 0.614062 0.068750 0.218750
2 0.531250 0.497656 0.187500 0.104688
2 0.808594 0.490625 0.023438 0.025000
2 0.920312 0.491406 0.031250 0.014063
2 0.289062 0.510156 0.140625 0.048438
2 0.410938 0.512500 0.056250 0.053125
4 0.818750 0.458594 0.037500 0.045312
4 0.225781 0.460156 0.010937 0.032813
5 0.996094 0.181250 0.004687 0.021875
5 0.327344 0.382031 0.223438 0.207813
5 0.769531 0.443750 0.014063 0.028125
7 0.770312 0.506250 0.018750 0.046875
8 0.301563 0.498437 0.037500 0.018750
