0 0.982812 0.644531 0.015625 0.029687
0 0.775781 0.669531 0.051562 0.057813
0 0.835156 0.654687 0.014063 0.018750
2 0.062500 0.654687 0.125000 0.125000
2 0.501563 0.656250 0.168750 0.062500
2 0.614844 0.659375 0.042188 0.037500
2 0.967187 0.727344 0.062500 0.142187
3 0.253125 0.654687 0.253125 0.103125
3 0.835938 0.708594 0.059375 0.104688
4 0.948438 0.277344 0.100000 0.554688
5 0.765625 0.567969 0.115625 0.073438
5 0.837500 0.589063 0.018750 0.028125
6 0.541406 0.740625 0.048438 0.009375
7 0.375000 0.655469 0.018750 0.045312
7 0.807813 0.703125 0.006250 0.053125
