0 0.464844 0.625000 0.035937 0.031250
0 0.172656 0.662500 0.067187 0.103125
0 0.257812 0.622656 0.009375 0.020313
0 0.378125 0.625000 0.009375 0.021875
0 0.030469 0.703906 0.060937 0.170313
0 0.630469 0.740625 0.120313 0.228125
2 0.442188 0.612500 0.015625 0.046875
2 0.270313 0.665625 0.096875 0.087500
4 0.456250 0.533594 0.053125 0.126562
5 0.865625 0.139063 0.206250 0.278125
5 0.807031 0.388281 0.382812 0.232813
5 0.171875 0.405469 0.068750 0.239063
5 0.534375 0.499219 0.112500 0.145313
5 0.324219 0.506250 0.039062 0.150000
5 0.030469 0.514844 0.060937 0.107813
5 0.189844 0.534375 0.217188 0.096875
5 0.472656 0.533594 0.039062 0.051562
5 0.913281 0.610156 0.098437 0.173437
5 0.339062 0.582812 0.078125 0.025000
5 0.503125 0.639844 0.006250 0.026562
5 0.748437 0.735156 0.068750 0.123438
6 0.395313 0.739844 0.056250 0.007812
6 0.263281 0.800000 0.054688 0.009375
6 0.028125 0.900781 0.056250 0.057813
