0 0.711719 0.668750 0.054688 0.078125
0 0.829688 0.645312 0.021875 0.012500
1 0.710938 0.680469 0.015625 0.039062
2 0.536719 0.659375 0.117188 0.096875
2 0.414844 0.653125 0.123438 0.078125
2 0.136719 0.683594 0.110937 0.070312
2 0.936719 0.687500 0.123438 0.078125
4 0.607031 0.584375 0.160938 0.178125
4 0.234375 0.537500 0.031250 0.037500
4 0.045312 0.613281 0.090625 0.132812
4 0.975000 0.609375 0.043750 0.081250
5 0.366406 0.551562 0.004687 0.021875
5 0.882812 0.557031 0.028125 0.026562
5 0.101562 0.622656 0.006250 0.023438
6 0.082031 0.764062 0.092188 0.012500
6 0.278906 0.819531 0.120313 0.045312
7 0.657031 0.675000 0.026562 0.040625
7 0.014063 0.682813 0.025000 0.043750
8 0.389062 0.675781 0.021875 0.017188
