0 0.267188 0.552344 0.012500 0.042188
2 0.190625 0.550000 0.118750 0.028125
2 0.600781 0.563281 0.020313 0.020313
4 0.756250 0.176563 0.484375 0.353125
4 0.521094 0.534375 0.039062 0.037500
4 0.675000 0.585156 0.006250 0.017188
5 0.367969 0.259375 0.085938 0.028125
5 0.028125 0.365625 0.056250 0.084375
5 0.252344 0.493750 0.032813 0.137500
5 0.860938 0.499219 0.125000 0.082812
5 0.146875 0.494531 0.018750 0.014063
5 0.620313 0.516406 0.137500 0.035937
5 0.992188 0.525781 0.012500 0.029687
5 0.700781 0.525781 0.017188 0.010937
7 0.822656 0.589844 0.167187 0.182812
7 0.165625 0.546094 0.009375 0.032813
7 0.989844 0.608594 0.017188 0.060937
