0 0.963281 0.424219 0.070312 0.595313
0 0.696094 0.387500 0.039062 0.100000
0 0.520312 0.444531 0.031250 0.101562
0 0.353906 0.474219 0.017188 0.042188
2 0.908594 0.321875 0.026562 0.028125
2 0.760938 0.346875 0.109375 0.050000
2 0.648438 0.378906 0.053125 0.029687
2 0.304688 0.568750 0.187500 0.284375
2 0.428125 0.482031 0.053125 0.079687
2 0.049219 0.637500 0.085938 0.100000
2 0.200000 0.644531 0.031250 0.045312
3 0.774219 0.352344 0.014063 0.014063
4 0.754687 0.270313 0.059375 0.140625
4 0.610938 0.350781 0.050000 0.095312
5 0.793750 0.268750 0.046875 0.028125
5 0.664062 0.303125 0.031250 0.046875
5 0.028125 0.482031 0.056250 0.179688
5 0.391406 0.432812 0.101562 0.056250
5 0.177344 0.559375 0.067187 0.143750
5 0.223438 0.930469 0.071875 0.060937
7 0.200000 0.786719 0.093750 0.239063
