2 0.822656 0.630469 0.048438 0.014063
2 0.519531 0.724219 0.160938 0.182812
2 0.328906 0.675781 0.054688 0.026562
4 0.846875 0.541406 0.303125 0.289062
4 0.292969 0.573438 0.123438 0.228125
5 0.988281 0.114062 0.020313 0.046875
5 0.044531 0.530469 0.089063 0.364063
5 0.092969 0.458594 0.010937 0.020313
5 0.507031 0.557813 0.182812 0.053125
5 0.974219 0.539844 0.048438 0.014063
5 0.861719 0.588281 0.135937 0.079687
5 0.185156 0.650781 0.176563 0.104688
5 0.299219 0.655469 0.039062 0.017188
6 0.621875 0.789844 0.028125 0.004687
8 0.374219 0.699219 0.114062 0.054688
