0 0.615625 0.580469 0.056250 0.095312
0 0.175000 0.565625 0.006250 0.037500
0 0.353125 0.566406 0.006250 0.029687
2 0.716406 0.661719 0.445312 0.254688
2 0.441406 0.569531 0.067187 0.054688
2 0.058594 0.628125 0.117188 0.162500
2 0.249219 0.656250 0.257812 0.206250
4 0.083594 0.467969 0.167187 0.117188
4 0.839844 0.515625 0.160938 0.084375
4 0.290625 0.545312 0.206250 0.100000
4 0.526563 0.553125 0.025000 0.025000
5 0.426563 0.462500 0.078125 0.087500
5 0.076563 0.502344 0.040625 0.032813
5 0.744531 0.512500 0.201563 0.043750
5 0.360938 0.517188 0.009375 0.015625
5 0.459375 0.537500 0.028125 0.012500
5 0.232031 0.539062 0.010937 0.012500
6 0.533594 0.646094 0.035937 0.004687
