2 0.325781 0.643750 0.176563 0.090625
2 0.836719 0.805469 0.323437 0.385937
2 0.012500 0.642969 0.025000 0.045312
2 0.133594 0.643750 0.057813 0.037500
4 0.590625 0.464844 0.278125 0.385937
4 0.782813 0.371875 0.087500 0.134375
4 0.932813 0.396094 0.131250 0.095312
4 0.032031 0.523438 0.014063 0.031250
5 0.835938 0.395313 0.059375 0.087500
5 0.529687 0.516406 0.056250 0.051562
5 0.032813 0.581250 0.046875 0.037500
5 0.292969 0.587500 0.110937 0.037500
5 0.183594 0.589063 0.020313 0.006250
5 0.456250 0.642188 0.009375 0.012500
8 0.117969 0.772656 0.235937 0.210938
