0 0.324219 0.456250 0.135937 0.053125
0 0.576562 0.481250 0.078125 0.100000
0 0.239063 0.450000 0.009375 0.028125
0 0.423438 0.457813 0.009375 0.043750
1 0.457031 0.478125 0.098437 0.090625
2 0.125781 0.479687 0.057813 0.103125
2 0.228906 0.484375 0.089063 0.096875
4 0.531250 0.303906 0.212500 0.204687
4 0.345313 0.433594 0.068750 0.039062
5 0.078906 0.096875 0.023438 0.071875
5 0.830469 0.502344 0.335938 0.660937
5 0.179688 0.378906 0.084375 0.098437
5 0.270313 0.428125 0.028125 0.112500
5 0.578125 0.387500 0.009375 0.015625
6 0.407031 0.555469 0.042188 0.007812
7 0.196094 0.475781 0.023438 0.064062
