0 0.600000 0.695312 0.009375 0.031250
2 0.821875 0.664844 0.081250 0.042188
2 0.659375 0.680469 0.084375 0.035937
2 0.553125 0.689063 0.053125 0.031250
2 0.313281 0.705469 0.223438 0.060937
2 0.085156 0.744531 0.170313 0.098437
4 0.358594 0.582031 0.260937 0.232813
4 0.541406 0.608594 0.076563 0.189062
4 0.946875 0.600000 0.040625 0.053125
5 0.960938 0.554688 0.075000 0.056250
5 0.397656 0.657813 0.214062 0.093750
5 0.693750 0.639844 0.018750 0.051562
6 0.970313 0.722656 0.025000 0.004687
7 0.469531 0.703125 0.032813 0.028125
