0 0.272656 0.591406 0.029687 0.035937
0 0.670312 0.592187 0.009375 0.034375
2 0.832812 0.710938 0.331250 0.387500
2 0.585938 0.596875 0.100000 0.065625
2 0.315625 0.601562 0.056250 0.015625
4 0.813281 0.267969 0.370312 0.535937
4 0.328906 0.552344 0.032813 0.042188
5 0.150781 0.382031 0.039062 0.017188
5 0.048438 0.557031 0.096875 0.120313
5 0.647656 0.537500 0.023438 0.006250
5 0.213281 0.582812 0.092188 0.056250
5 0.287500 0.564844 0.012500 0.014063
5 0.482031 0.587500 0.154688 0.025000
8 0.680469 0.615625 0.029687 0.012500
8 0.447656 0.625000 0.192188 0.018750
