0 0.864062 0.611719 0.131250 0.660937
0 0.090625 0.534375 0.087500 0.434375
0 0.677344 0.437500 0.017188 0.131250
0 0.385156 0.467187 0.032813 0.187500
0 0.155469 0.446875 0.010937 0.056250
0 0.917969 0.538281 0.020313 0.082812
2 0.759375 0.404687 0.159375 0.115625
2 0.442969 0.415625 0.095312 0.118750
2 0.938281 0.436719 0.120313 0.157812
2 0.325000 0.434375 0.056250 0.081250
2 0.227344 0.447656 0.089063 0.082812
4 0.833594 0.202344 0.329688 0.404687
4 0.582031 0.291406 0.110937 0.301563
4 0.298438 0.195312 0.015625 0.078125
4 0.022656 0.415625 0.045312 0.062500
5 0.660156 0.090625 0.117188 0.181250
5 0.481250 0.106250 0.090625 0.209375
5 0.277344 0.285938 0.098437 0.359375
5 0.456250 0.259375 0.103125 0.259375
5 0.158594 0.233594 0.079687 0.164062
5 0.374219 0.203906 0.039062 0.014063
5 0.462500 0.282813 0.018750 0.018750
5 0.011719 0.383594 0.004687 0.029687
5 0.225781 0.389062 0.017188 0.031250
6 0.555469 0.501563 0.032813 0.009375
6 0.218750 0.510938 0.028125 0.012500
