1 0.097656 0.521875 0.076563 0.100000
1 0.182812 0.512500 0.046875 0.040625
2 0.058594 0.475000 0.110937 0.056250
2 0.291406 0.515625 0.092188 0.125000
2 0.144531 0.497656 0.010937 0.032813
2 0.497656 0.532813 0.120313 0.062500
2 0.609375 0.550781 0.059375 0.051562
4 0.166406 0.453906 0.039062 0.104688
4 0.364844 0.525000 0.051562 0.028125
5 0.371875 0.395313 0.075000 0.121875
5 0.154688 0.391406 0.115625 0.032813
5 0.317188 0.439063 0.118750 0.109375
5 0.521094 0.485156 0.054688 0.035937
5 0.446094 0.496094 0.007812 0.014063
5 0.794531 0.542969 0.120313 0.054688
