0 0.383594 0.578125 0.057813 0.128125
0 0.746094 0.557031 0.092188 0.032813
2 0.468750 0.564063 0.187500 0.087500
2 0.169531 0.604688 0.339062 0.150000
2 0.871094 0.574219 0.254688 0.085938
2 0.055469 0.892969 0.110937 0.210938
3 0.585938 0.562500 0.100000 0.043750
3 0.930469 0.566406 0.023438 0.042188
4 0.050781 0.439844 0.101562 0.139063
4 0.885938 0.505469 0.200000 0.114062
4 0.617188 0.528906 0.162500 0.085938
5 0.944531 0.453125 0.107813 0.081250
5 0.293750 0.479687 0.028125 0.006250
5 0.208594 0.529687 0.014063 0.012500
