0 0.989844 0.670312 0.017188 0.100000
0 0.545312 0.683594 0.056250 0.035937
0 0.418750 0.687500 0.012500 0.034375
0 0.321094 0.689844 0.017188 0.029687
2 0.850000 0.678125 0.093750 0.109375
2 0.471875 0.688281 0.100000 0.032813
2 0.067187 0.708594 0.134375 0.042188
4 0.916406 0.551562 0.164062 0.081250
4 0.031250 0.660156 0.062500 0.182812
4 0.542188 0.650000 0.096875 0.056250
5 0.603125 0.382031 0.106250 0.204687
5 0.918750 0.610938 0.159375 0.118750
5 0.580469 0.598437 0.014063 0.043750
6 0.175781 0.852344 0.089063 0.020313
