0 0.929688 0.532813 0.078125 0.090625
0 0.740625 0.562500 0.037500 0.093750
0 0.582812 0.575781 0.056250 0.035937
1 0.578125 0.610156 0.037500 0.067187
2 0.146875 0.655469 0.284375 0.185938
2 0.367969 0.617188 0.126562 0.046875
4 0.561719 0.332031 0.210938 0.664062
4 0.908594 0.494531 0.067187 0.051562
4 0.045312 0.543750 0.090625 0.121875
4 0.406250 0.568750 0.093750 0.068750
5 0.178125 0.568750 0.012500 0.015625
6 0.552344 0.640625 0.026562 0.006250
6 0.877344 0.694531 0.123438 0.029687
7 0.496875 0.594531 0.015625 0.023438
