1 0.206250 0.499219 0.025000 0.020313
2 0.950000 0.440625 0.096875 0.021875
2 0.018750 0.514844 0.037500 0.110937
2 0.378125 0.485938 0.056250 0.034375
4 0.901563 0.266406 0.193750 0.376563
4 0.664062 0.397656 0.171875 0.142187
4 0.828906 0.400781 0.120313 0.117188
4 0.265625 0.466406 0.078125 0.092188
5 0.137500 0.185156 0.093750 0.126562
5 0.771094 0.322656 0.057813 0.235937
5 0.036719 0.321094 0.026562 0.029687
5 0.421875 0.389844 0.012500 0.014063
5 0.201563 0.450781 0.071875 0.057813
5 0.039844 0.475781 0.054688 0.035937
5 0.137500 0.495312 0.025000 0.018750
6 0.658594 0.531250 0.045312 0.006250
