0 0.210156 0.553125 0.023438 0.037500
0 0.970313 0.571875 0.056250 0.046875
2 0.489063 0.564844 0.118750 0.110937
2 0.397656 0.553906 0.054688 0.042188
4 0.289844 0.070312 0.204687 0.140625
4 0.291406 0.393750 0.117188 0.150000
4 0.538281 0.475000 0.164062 0.187500
4 0.075781 0.553906 0.042188 0.039062
5 0.282031 0.489063 0.017188 0.012500
5 0.139844 0.556250 0.020313 0.021875
7 0.166406 0.564063 0.039062 0.031250
7 0.574219 0.567187 0.010937 0.034375
7 0.817969 0.598437 0.014063 0.028125
8 0.689844 0.897656 0.017188 0.007812
