0 0.821094 0.145313 0.032813 0.053125
1 0.790625 0.159375 0.009375 0.031250
1 0.577344 0.283594 0.020313 0.079687
2 0.311719 0.289062 0.285938 0.462500
2 0.777344 0.137500 0.110937 0.040625
2 0.645312 0.187500 0.012500 0.037500
3 0.618750 0.193750 0.050000 0.078125
4 0.793750 0.110156 0.115625 0.085938
4 0.933594 0.150000 0.123438 0.134375
5 0.671875 0.025781 0.021875 0.051562
5 0.981250 0.004687 0.031250 0.009375
5 0.787500 0.088281 0.018750 0.070312
5 0.866406 0.091406 0.017188 0.076563
5 0.585156 0.242969 0.029687 0.132812
