0 0.830469 0.715625 0.151562 0.565625
0 0.946094 0.722656 0.104688 0.551562
0 0.471875 0.594531 0.056250 0.064062
1 0.421875 0.785937 0.128125 0.306250
2 0.701562 0.582031 0.106250 0.117188
2 0.587500 0.610156 0.096875 0.107813
2 0.042969 0.753906 0.085938 0.342187
2 0.885938 0.622656 0.021875 0.079687
4 0.445312 0.653906 0.006250 0.035937
5 0.626563 0.286719 0.015625 0.064062
5 0.338281 0.324219 0.057813 0.039062
5 0.981250 0.411719 0.025000 0.085938
5 0.651563 0.576562 0.009375 0.015625
6 0.733594 0.752344 0.057813 0.014063
6 0.606250 0.795312 0.106250 0.028125
7 0.745313 0.642188 0.025000 0.078125
