0 0.850000 0.550781 0.028125 0.123438
0 0.421094 0.566406 0.076563 0.098437
0 0.125781 0.599219 0.004687 0.035937
2 0.915625 0.638281 0.165625 0.289062
2 0.558594 0.574219 0.176563 0.123438
2 0.070312 0.609375 0.106250 0.059375
3 0.739062 0.556250 0.028125 0.068750
3 0.564844 0.572656 0.007812 0.039062
3 0.040625 0.624219 0.046875 0.048438
4 0.572656 0.517188 0.098437 0.046875
5 0.778125 0.239844 0.050000 0.107813
5 0.700000 0.425000 0.109375 0.106250
5 0.657813 0.524219 0.090625 0.126562
5 0.709375 0.535156 0.018750 0.085938
5 0.042188 0.521094 0.018750 0.032813
8 0.235156 0.783594 0.470313 0.429688
