0 0.015625 0.685937 0.031250 0.096875
0 0.739062 0.707031 0.065625 0.104688
0 0.885938 0.711719 0.043750 0.089063
1 0.525000 0.710938 0.034375 0.053125
2 0.223438 0.704688 0.075000 0.075000
2 0.464062 0.709375 0.071875 0.068750
2 0.332031 0.695312 0.029687 0.031250
2 0.964063 0.735156 0.068750 0.070312
3 0.910156 0.792188 0.176563 0.284375
3 0.669531 0.727344 0.114062 0.120313
4 0.173437 0.082812 0.346875 0.165625
4 0.470313 0.499219 0.309375 0.467187
6 0.191406 0.809375 0.117188 0.056250
6 0.612500 0.789844 0.028125 0.004687
6 0.815625 0.836719 0.071875 0.010937
