0 0.950000 0.638281 0.028125 0.032813
2 0.403906 0.734375 0.329688 0.381250
2 0.020313 0.664062 0.040625 0.134375
2 0.785156 0.732812 0.426563 0.206250
4 0.716406 0.510156 0.204687 0.279687
4 0.348438 0.559375 0.090625 0.059375
5 0.946094 0.261719 0.104688 0.282813
5 0.800000 0.404687 0.150000 0.196875
5 0.064844 0.436719 0.098437 0.207813
5 0.559375 0.436719 0.131250 0.039062
5 0.904687 0.490625 0.084375 0.137500
5 0.775781 0.500000 0.045312 0.112500
5 0.343750 0.483594 0.053125 0.070312
5 0.043750 0.539844 0.012500 0.035937
5 0.560156 0.580469 0.110937 0.057813
5 0.842187 0.568750 0.040625 0.006250
5 0.614844 0.617188 0.014063 0.031250
6 0.649219 0.758594 0.039062 0.004687
6 0.161719 0.920312 0.179688 0.053125
