0 0.549219 0.568750 0.117188 0.068750
0 0.050781 0.604688 0.101562 0.137500
0 0.767969 0.672656 0.292187 0.264062
0 0.384375 0.596875 0.062500 0.087500
0 0.782813 0.615625 0.037500 0.100000
0 0.950781 0.791406 0.095312 0.398438
1 0.314844 0.592969 0.048438 0.067187
2 0.558594 0.553906 0.010937 0.026562
2 0.666406 0.560156 0.007812 0.032813
4 0.357812 0.528906 0.062500 0.129688
4 0.175781 0.636719 0.023438 0.067187
5 0.768750 0.450000 0.028125 0.040625
5 0.975781 0.596094 0.045312 0.157812
5 0.681250 0.638281 0.037500 0.070312
5 0.491406 0.793750 0.132812 0.293750
5 0.996094 0.742969 0.004687 0.045312
6 0.889062 0.917188 0.084375 0.078125
7 0.399219 0.765625 0.048438 0.121875
