0 0.879687 0.528125 0.006250 0.046875
0 0.685156 0.551562 0.014063 0.065625
1 0.032031 0.545312 0.004687 0.021875
2 0.680469 0.518750 0.082812 0.053125
2 0.890625 0.560937 0.131250 0.121875
2 0.017188 0.538281 0.034375 0.048438
2 0.978125 0.573438 0.040625 0.115625
4 0.965625 0.052344 0.065625 0.104688
4 0.029687 0.382031 0.059375 0.285938
5 0.942187 0.065625 0.062500 0.131250
5 0.938281 0.204687 0.076563 0.143750
5 0.964063 0.327344 0.021875 0.029687
5 0.348438 0.369531 0.506250 0.089063
5 0.079687 0.436719 0.021875 0.054688
5 0.381250 0.514844 0.087500 0.126562
6 0.740625 0.717969 0.046875 0.014063
