0 0.510156 0.700781 0.051562 0.101562
0 0.815625 0.690625 0.028125 0.065625
0 0.144531 0.700000 0.079687 0.021875
0 0.083594 0.712500 0.010937 0.034375
2 0.870313 0.815625 0.256250 0.365625
2 0.275000 0.713281 0.093750 0.098437
2 0.394531 0.725781 0.132812 0.114062
2 0.042188 0.725000 0.084375 0.090625
3 0.462500 0.696875 0.012500 0.021875
3 0.164062 0.743750 0.084375 0.065625
4 0.244531 0.621094 0.192188 0.173437
4 0.635938 0.612500 0.003125 0.046875
5 0.501563 0.660937 0.062500 0.096875
5 0.654687 0.673438 0.134375 0.100000
5 0.762500 0.643750 0.046875 0.028125
5 0.066406 0.661719 0.126562 0.029687
5 0.186719 0.667188 0.014063 0.012500
7 0.097656 0.707031 0.010937 0.029687
7 0.710156 0.710938 0.007812 0.025000
