2 0.167187 0.454688 0.209375 0.093750
2 0.899219 0.470313 0.042188 0.050000
4 0.393750 0.229687 0.159375 0.437500
4 0.867188 0.400781 0.121875 0.101562
4 0.332813 0.428125 0.087500 0.037500
5 0.300781 0.238281 0.270313 0.370312
5 0.474219 0.202344 0.023438 0.076563
5 0.585938 0.280469 0.056250 0.092188
5 0.482031 0.353906 0.082812 0.160938
5 0.607812 0.400000 0.162500 0.118750
5 0.967969 0.411719 0.060937 0.114062
5 0.781250 0.389062 0.068750 0.025000
6 0.709375 0.564063 0.028125 0.003125
7 0.443750 0.435937 0.009375 0.018750
