0 0.060937 0.490625 0.084375 0.296875
0 0.149219 0.511719 0.095312 0.298438
0 0.402344 0.462500 0.104688 0.181250
0 0.310937 0.414844 0.025000 0.073438
0 0.764062 0.449219 0.046875 0.120313
0 0.535156 0.405469 0.007812 0.020313
1 0.589844 0.455469 0.073438 0.089063
1 0.350000 0.460156 0.096875 0.070312
1 0.683594 0.471875 0.064062 0.084375
1 0.841406 0.483594 0.129688 0.107813
4 0.582812 0.418750 0.075000 0.118750
4 0.347656 0.421875 0.029687 0.112500
5 0.170313 0.121875 0.231250 0.193750
5 0.858594 0.140625 0.214062 0.178125
5 0.275000 0.382031 0.096875 0.192188
5 0.145313 0.327344 0.034375 0.032813
5 0.953906 0.367969 0.010937 0.060937
5 0.359375 0.363281 0.012500 0.026562
5 0.705469 0.418750 0.017188 0.031250
6 0.632812 0.644531 0.087500 0.026562
