0 0.765625 0.800000 0.021875 0.090625
0 0.626563 0.801562 0.015625 0.071875
1 0.792188 0.821094 0.050000 0.054688
2 0.342969 0.775000 0.245312 0.275000
2 0.078125 0.862500 0.156250 0.271875
2 0.764062 0.779687 0.103125 0.081250
2 0.596875 0.789062 0.100000 0.043750
2 0.830469 0.793750 0.017188 0.037500
4 0.407813 0.531250 0.278125 0.518750
5 0.101562 0.407031 0.203125 0.245312
5 0.235937 0.507812 0.071875 0.187500
5 0.929688 0.739844 0.050000 0.092188
5 0.590625 0.757812 0.009375 0.012500
5 0.706250 0.764844 0.012500 0.014063
7 0.839063 0.840625 0.046875 0.071875
