0 0.219531 0.557031 0.079687 0.176563
0 0.093750 0.565625 0.075000 0.159375
0 0.314063 0.560156 0.065625 0.148438
0 0.442188 0.546094 0.028125 0.107813
2 0.388281 0.553125 0.092188 0.103125
2 0.691406 0.533594 0.051562 0.064062
4 0.656250 0.482031 0.087500 0.142187
4 0.255469 0.583594 0.104688 0.076563
4 0.175781 0.599219 0.039062 0.064062
5 0.807813 0.290625 0.012500 0.037500
5 0.671094 0.458594 0.026562 0.057813
5 0.485938 0.490625 0.006250 0.031250
5 0.307812 0.489063 0.018750 0.021875
5 0.142187 0.506250 0.025000 0.043750
6 0.817187 0.623437 0.056250 0.006250
6 0.981250 0.697656 0.034375 0.017188
