0 0.925781 0.396875 0.020313 0.040625
0 0.811719 0.432812 0.017188 0.031250
0 0.614062 0.478906 0.009375 0.020313
0 0.107031 0.603906 0.035937 0.085938
2 0.939063 0.479687 0.118750 0.287500
2 0.578906 0.514844 0.057813 0.054688
2 0.449219 0.525000 0.073438 0.056250
2 0.228125 0.591406 0.253125 0.142187
2 0.051562 0.621875 0.103125 0.096875
3 0.545312 0.543750 0.021875 0.050000
4 0.532813 0.430469 0.084375 0.142187
4 0.442969 0.484375 0.089063 0.103125
5 0.317188 0.260937 0.237500 0.500000
5 0.152344 0.357031 0.270313 0.342187
5 0.021094 0.348438 0.042188 0.081250
5 0.683594 0.368750 0.010937 0.021875
5 0.639844 0.482031 0.010937 0.032813
5 0.120313 0.534375 0.240625 0.081250
6 0.232813 0.832031 0.087500 0.057813
6 0.054688 0.964063 0.109375 0.068750
