2 0.839063 0.460938 0.025000 0.028125
2 0.757812 0.529687 0.109375 0.140625
2 0.575000 0.493750 0.112500 0.053125
2 0.456250 0.492188 0.100000 0.028125
2 0.339062 0.503906 0.106250 0.032813
2 0.211719 0.510938 0.020313 0.018750
2 0.022656 0.567969 0.045312 0.089063
4 0.085938 0.441406 0.137500 0.292187
4 0.657813 0.423438 0.137500 0.143750
4 0.525000 0.458594 0.081250 0.045312
4 0.184375 0.491406 0.034375 0.060937
5 0.850000 0.291406 0.050000 0.126562
5 0.286719 0.454688 0.017188 0.034375
8 0.232031 0.603906 0.464062 0.220312
