0 0.048438 0.565625 0.093750 0.037500
0 0.196875 0.616406 0.056250 0.089063
0 0.371094 0.658594 0.020313 0.076563
0 0.822656 0.727344 0.029687 0.126562
1 0.473438 0.680469 0.043750 0.048438
2 0.108594 0.660937 0.217188 0.171875
2 0.717969 0.682813 0.192188 0.112500
2 0.885156 0.676562 0.129688 0.093750
2 0.977344 0.662500 0.042188 0.059375
4 0.825781 0.496094 0.201563 0.473438
4 0.963281 0.502344 0.070312 0.442188
5 0.353906 0.495312 0.264062 0.056250
5 0.065625 0.509375 0.068750 0.037500
6 0.510156 0.737500 0.139063 0.059375
6 0.418750 0.792188 0.040625 0.009375
6 0.285156 0.795312 0.042188 0.012500
6 0.740625 0.976562 0.075000 0.034375
7 0.233594 0.653125 0.020313 0.050000
7 0.970313 0.810156 0.040625 0.073438
