0 0.227344 0.665625 0.010937 0.037500
0 0.326562 0.671875 0.006250 0.028125
1 0.539844 0.710156 0.004687 0.035937
2 0.465625 0.691406 0.140625 0.104688
2 0.248438 0.668750 0.068750 0.028125
2 0.603125 0.695312 0.087500 0.075000
4 0.967969 0.410938 0.060937 0.818750
4 0.575781 0.553906 0.126562 0.229687
4 0.039062 0.639844 0.078125 0.123438
5 0.062500 0.547656 0.015625 0.017188
5 0.230469 0.611719 0.101562 0.089063
5 0.603906 0.639062 0.010937 0.012500
5 0.159375 0.650000 0.006250 0.018750
6 0.764844 0.825000 0.132812 0.050000
7 0.718750 0.699219 0.015625 0.029687
