0 0.853125 0.439844 0.081250 0.073438
0 0.370312 0.463281 0.006250 0.045312
2 0.777344 0.521094 0.239063 0.226562
2 0.113281 0.535156 0.226562 0.179688
3 0.435937 0.535156 0.087500 0.117188
4 0.717969 0.144531 0.176563 0.101562
4 0.563281 0.330469 0.110937 0.223438
4 0.214844 0.335156 0.132812 0.201563
4 0.808594 0.338281 0.198437 0.185938
4 0.323437 0.403125 0.071875 0.303125
4 0.971875 0.398438 0.053125 0.109375
5 0.978125 0.265625 0.040625 0.159375
5 0.800000 0.255469 0.109375 0.067187
5 0.017969 0.350000 0.035937 0.046875
5 0.971094 0.344531 0.020313 0.010937
5 0.646094 0.432031 0.067187 0.176563
6 0.978125 0.617188 0.040625 0.015625
