2 0.792969 0.744531 0.067187 0.064062
2 0.462500 0.741406 0.040625 0.026562
4 0.292969 0.703906 0.054688 0.054688
4 0.511719 0.731250 0.014063 0.015625
5 0.278125 0.335156 0.178125 0.310937
5 0.760938 0.332813 0.040625 0.143750
5 0.652344 0.437500 0.020313 0.009375
5 0.266406 0.619531 0.026562 0.223438
5 0.082812 0.668750 0.037500 0.150000
5 0.738281 0.658594 0.042188 0.117188
5 0.532031 0.657813 0.042188 0.084375
5 0.442969 0.695312 0.010937 0.012500
8 0.844531 0.787500 0.307812 0.143750
8 0.220312 0.817187 0.440625 0.171875
8 0.519531 0.746875 0.067187 0.025000
