0 0.530469 0.534375 0.042188 0.040625
0 0.853906 0.535937 0.092188 0.043750
0 0.938281 0.539062 0.060937 0.046875
0 0.160156 0.556250 0.173437 0.078125
0 0.037500 0.535156 0.018750 0.029687
0 0.305469 0.544531 0.007812 0.039062
0 0.396875 0.541406 0.009375 0.032813
2 0.686719 0.545312 0.073438 0.040625
3 0.867969 0.539844 0.023438 0.023438
3 0.244531 0.552344 0.054688 0.029687
4 0.837500 0.444531 0.293750 0.182812
4 0.264062 0.456250 0.118750 0.168750
4 0.148438 0.457031 0.109375 0.117188
4 0.354687 0.514062 0.012500 0.015625
5 0.332031 0.496875 0.032813 0.053125
5 0.487500 0.496875 0.009375 0.021875
