0 0.802344 0.675000 0.079687 0.375000
0 0.703125 0.693750 0.053125 0.318750
0 0.920312 0.645312 0.056250 0.196875
0 0.760938 0.639844 0.046875 0.110937
0 0.636719 0.678125 0.070312 0.075000
0 0.498437 0.706250 0.106250 0.109375
0 0.014063 0.753906 0.018750 0.048438
1 0.522656 0.716406 0.023438 0.070312
1 0.400000 0.755469 0.009375 0.064062
4 0.196094 0.578125 0.392188 0.328125
4 0.670312 0.675781 0.009375 0.029687
5 0.870313 0.550000 0.031250 0.065625
5 0.006250 0.665625 0.012500 0.103125
5 0.442969 0.675000 0.007812 0.021875
7 0.764062 0.732031 0.075000 0.214062
7 0.260156 0.732031 0.007812 0.020313
