2 0.188281 0.720313 0.173437 0.053125
2 0.931250 0.778125 0.134375 0.034375
2 0.796875 0.785937 0.075000 0.021875
2 0.497656 0.798438 0.089063 0.043750
2 0.375000 0.810937 0.068750 0.062500
2 0.631250 0.789062 0.025000 0.015625
4 0.951562 0.732812 0.093750 0.125000
4 0.596094 0.778906 0.039062 0.023438
5 0.659375 0.720313 0.006250 0.018750
5 0.389844 0.757812 0.079687 0.040625
5 0.760938 0.754687 0.021875 0.015625
8 0.179688 0.802344 0.359375 0.067187
8 0.710938 0.808594 0.175000 0.029687
8 0.768750 0.896875 0.459375 0.203125
8 0.891406 0.827344 0.173437 0.042188
