0 0.175781 0.666406 0.048438 0.076563
2 0.878906 0.871875 0.139063 0.106250
2 0.803906 0.911719 0.057813 0.132812
2 0.661719 0.941406 0.104688 0.054688
2 0.497656 0.957031 0.076563 0.082812
3 0.835938 0.975781 0.015625 0.045312
4 0.946875 0.790625 0.103125 0.140625
5 0.699219 0.489844 0.014063 0.026562
5 0.705469 0.794531 0.045312 0.042188
5 0.677344 0.907813 0.026562 0.040625
5 0.329688 0.953906 0.009375 0.026562
8 0.921094 0.908594 0.154688 0.179688
8 0.799219 0.855469 0.029687 0.039062
8 0.703125 0.914062 0.109375 0.090625
8 0.570312 0.964844 0.078125 0.039062
8 0.363281 0.979688 0.189062 0.037500
