0 0.374219 0.637500 0.007812 0.034375
0 0.264844 0.721094 0.017188 0.051562
2 0.474219 0.699219 0.026562 0.035937
2 0.635938 0.717969 0.100000 0.067187
2 0.119531 0.779687 0.179688 0.168750
3 0.571094 0.707031 0.017188 0.026562
3 0.460938 0.764844 0.084375 0.120313
3 0.326562 0.845313 0.071875 0.165625
3 0.012500 0.782031 0.025000 0.029687
4 0.800000 0.578906 0.040625 0.064062
5 0.738281 0.537500 0.085938 0.181250
5 0.252344 0.628906 0.070312 0.101562
5 0.087500 0.628906 0.175000 0.048438
7 0.539062 0.707031 0.006250 0.020313
7 0.664844 0.731250 0.023438 0.046875
