0 0.013281 0.346875 0.026562 0.190625
0 0.280469 0.324219 0.101562 0.095312
0 0.525781 0.328125 0.054688 0.068750
0 0.411719 0.328906 0.014063 0.057813
0 0.774219 0.342187 0.073438 0.037500
2 0.023438 0.300000 0.018750 0.043750
2 0.503125 0.323437 0.134375 0.059375
2 0.638281 0.334375 0.117188 0.065625
2 0.720313 0.342187 0.034375 0.056250
2 0.914062 0.558594 0.168750 0.439063
4 0.735156 0.240625 0.289062 0.481250
4 0.438281 0.296094 0.020313 0.017188
4 0.642969 0.441406 0.042188 0.067187
5 0.114844 0.044531 0.220312 0.089063
5 0.121875 0.293750 0.237500 0.365625
5 0.347656 0.264062 0.095312 0.134375
5 0.636719 0.259375 0.098437 0.106250
5 0.429688 0.252344 0.078125 0.089063
5 0.728125 0.264062 0.075000 0.068750
5 0.886719 0.265625 0.107813 0.053125
6 0.388281 0.391406 0.039062 0.007812
7 0.353125 0.342187 0.006250 0.034375
7 0.241406 0.403125 0.042188 0.137500
7 0.924219 0.361719 0.095312 0.039062
