0 0.492188 0.423438 0.015625 0.053125
0 0.323437 0.462500 0.021875 0.125000
2 0.090625 0.421875 0.103125 0.037500
2 0.628125 0.412500 0.028125 0.018750
2 0.171875 0.424219 0.040625 0.039062
2 0.417187 0.446094 0.087500 0.079687
4 0.195312 0.300781 0.087500 0.239063
4 0.354687 0.315625 0.121875 0.156250
4 0.467969 0.370312 0.098437 0.040625
5 0.123438 0.081250 0.018750 0.018750
5 0.233594 0.392188 0.020313 0.021875
8 0.737500 0.658594 0.521875 0.501563
8 0.658594 0.446094 0.054688 0.042188
8 0.410156 0.612500 0.176563 0.259375
8 0.263281 0.878125 0.239063 0.240625
