0 0.693750 0.627344 0.053125 0.079687
0 0.608594 0.625781 0.007812 0.032813
0 0.450000 0.638281 0.009375 0.026562
2 0.767188 0.610938 0.168750 0.084375
2 0.516406 0.639844 0.085938 0.107813
2 0.642188 0.625781 0.062500 0.067187
2 0.883594 0.618750 0.032813 0.031250
2 0.316406 0.665625 0.229687 0.109375
2 0.056250 0.650000 0.034375 0.025000
4 0.173437 0.603906 0.140625 0.223438
4 0.278906 0.568750 0.039062 0.087500
4 0.432031 0.584375 0.051562 0.068750
5 0.635156 0.557813 0.014063 0.015625
6 0.022656 0.775781 0.045312 0.017188
