0 0.875000 0.587500 0.118750 0.109375
0 0.980469 0.590625 0.035937 0.112500
0 0.032813 0.612500 0.037500 0.143750
0 0.701562 0.575781 0.021875 0.067187
0 0.495312 0.583594 0.062500 0.079687
0 0.174219 0.587500 0.148438 0.059375
1 0.869531 0.592187 0.017188 0.040625
2 0.415625 0.571875 0.053125 0.034375
4 0.363281 0.369531 0.020313 0.014063
4 0.042969 0.465625 0.085938 0.159375
4 0.986719 0.504687 0.023438 0.075000
5 0.971875 0.497656 0.015625 0.032813
5 0.798438 0.510938 0.012500 0.015625
5 0.703125 0.571875 0.034375 0.087500
5 0.278125 0.555469 0.056250 0.042188
7 0.584375 0.575000 0.006250 0.018750
