0 0.710938 0.376563 0.025000 0.090625
0 0.928906 0.410938 0.076563 0.134375
0 0.850781 0.407031 0.045312 0.076563
1 0.090625 0.429688 0.043750 0.087500
2 0.436719 0.419531 0.145313 0.057813
2 0.660937 0.421094 0.031250 0.048438
2 0.289062 0.432812 0.021875 0.037500
4 0.927344 0.284375 0.070312 0.143750
5 0.930469 0.321875 0.076563 0.053125
5 0.880469 0.320312 0.007812 0.031250
5 0.274219 0.370312 0.085938 0.106250
5 0.660156 0.375781 0.007812 0.017188
6 0.953906 0.644531 0.089063 0.048438
6 0.035156 0.695312 0.070312 0.040625
