0 0.038281 0.870313 0.076563 0.190625
0 0.160938 0.885156 0.106250 0.126562
0 0.271094 0.892969 0.114062 0.079687
0 0.380469 0.890625 0.073438 0.050000
2 0.510156 0.906250 0.014063 0.031250
2 0.631250 0.915625 0.028125 0.018750
4 0.265625 0.036719 0.040625 0.073438
4 0.312500 0.414844 0.050000 0.164062
4 0.227344 0.409375 0.057813 0.109375
4 0.596875 0.846094 0.100000 0.120313
4 0.375000 0.903125 0.053125 0.021875
5 0.220312 0.762500 0.440625 0.275000
5 0.629687 0.834375 0.037500 0.012500
7 0.097656 0.925000 0.039062 0.062500
8 0.622656 0.961719 0.107813 0.054688
