0 0.888281 0.103125 0.017188 0.021875
0 0.560937 0.470313 0.090625 0.087500
0 0.480469 0.465625 0.064062 0.075000
0 0.310937 0.503125 0.162500 0.109375
0 0.272656 0.595313 0.017188 0.012500
2 0.158594 0.483594 0.132812 0.060937
3 0.987500 0.598437 0.021875 0.068750
4 0.194531 0.239063 0.389062 0.478125
4 0.915625 0.508594 0.134375 0.029687
4 0.170313 0.517188 0.087500 0.034375
4 0.400781 0.596875 0.142187 0.050000
7 0.575000 0.494531 0.021875 0.045312
7 0.175781 0.520312 0.039062 0.065625
7 0.341406 0.564844 0.054688 0.070312
