0 0.932031 0.529687 0.073438 0.068750
0 0.874219 0.535156 0.020313 0.057813
1 0.560156 0.584375 0.017188 0.075000
2 0.174219 0.600000 0.348438 0.212500
2 0.453906 0.593750 0.201563 0.190625
2 0.621094 0.554688 0.101562 0.078125
2 0.795312 0.551562 0.012500 0.025000
3 0.978906 0.574219 0.039062 0.195312
4 0.364844 0.422656 0.235937 0.292187
4 0.764844 0.450781 0.170313 0.229687
4 0.921094 0.446875 0.045312 0.184375
4 0.050000 0.464844 0.100000 0.217188
5 0.267969 0.490625 0.054688 0.056250
5 0.100000 0.526563 0.018750 0.009375
