0 0.025000 0.678906 0.046875 0.151562
0 0.435156 0.636719 0.082812 0.042188
0 0.570312 0.661719 0.040625 0.082812
2 0.186719 0.683594 0.204687 0.157812
2 0.883594 0.696875 0.229687 0.168750
2 0.327344 0.639844 0.064062 0.045312
2 0.534375 0.657031 0.046875 0.076563
4 0.859375 0.560937 0.093750 0.106250
5 0.161719 0.311719 0.026562 0.026562
5 0.885156 0.515625 0.176563 0.225000
5 0.329688 0.487500 0.096875 0.090625
5 0.114844 0.494531 0.117188 0.067187
5 0.665625 0.588281 0.187500 0.098437
5 0.525000 0.574219 0.053125 0.054688
7 0.500781 0.659375 0.020313 0.053125
