0 0.802344 0.771094 0.045312 0.073438
2 0.160156 0.649219 0.320312 0.135937
2 0.326562 0.664062 0.021875 0.090625
2 0.609375 0.699219 0.118750 0.092188
2 0.828906 0.721094 0.117188 0.107813
3 0.340625 0.686719 0.031250 0.045312
3 0.683594 0.742188 0.204687 0.106250
4 0.487500 0.461719 0.237500 0.626563
4 0.359375 0.686719 0.050000 0.126562
5 0.452344 0.146094 0.223438 0.057813
5 0.058594 0.464844 0.117188 0.223438
5 0.125000 0.482812 0.009375 0.021875
5 0.314063 0.551562 0.046875 0.146875
5 0.871094 0.675781 0.010937 0.010937
