0 0.839844 0.477344 0.104688 0.167187
0 0.601562 0.462500 0.175000 0.087500
0 0.764062 0.430469 0.012500 0.017188
0 0.448437 0.475781 0.118750 0.092188
0 0.287500 0.468750 0.021875 0.031250
0 0.147656 0.492969 0.060937 0.070312
0 0.045312 0.482812 0.006250 0.025000
1 0.552344 0.551562 0.057813 0.084375
2 0.585938 0.436719 0.021875 0.014063
2 0.207813 0.492969 0.134375 0.057813
4 0.906250 0.052344 0.184375 0.104688
4 0.667969 0.371094 0.182812 0.176563
4 0.908594 0.355469 0.082812 0.126562
4 0.511719 0.457813 0.010937 0.018750
5 0.032031 0.169531 0.064062 0.157812
5 0.970313 0.385156 0.050000 0.067187
5 0.450000 0.414062 0.093750 0.112500
5 0.667969 0.392188 0.201563 0.012500
5 0.832031 0.402344 0.054688 0.017188
6 0.964844 0.531250 0.067187 0.031250
6 0.904687 0.578906 0.187500 0.045312
6 0.686719 0.599219 0.098437 0.017188
6 0.330469 0.691406 0.085938 0.026562
6 0.245312 0.783594 0.121875 0.051562
6 0.260156 0.888281 0.373437 0.220312
6 0.815625 0.958594 0.365625 0.079687
7 0.761719 0.489063 0.035937 0.100000
7 0.085156 0.500000 0.014063 0.046875
