0 0.180469 0.514062 0.073438 0.028125
0 0.540625 0.529687 0.084375 0.059375
0 0.255469 0.518750 0.007812 0.025000
0 0.862500 0.596875 0.156250 0.131250
0 0.968750 0.561719 0.056250 0.048438
0 0.949219 0.699219 0.098437 0.135937
1 0.321875 0.537500 0.009375 0.018750
1 0.603906 0.625781 0.048438 0.110937
2 0.010937 0.508594 0.021875 0.014063
2 0.687500 0.550781 0.078125 0.045312
4 0.300781 0.472656 0.107813 0.117188
4 0.425781 0.488281 0.195312 0.126562
5 0.797656 0.279687 0.092188 0.075000
5 0.585156 0.498437 0.026562 0.031250
7 0.796094 0.603125 0.067187 0.090625
7 0.851562 0.565625 0.018750 0.015625
8 0.225781 0.543750 0.160938 0.031250
8 0.913281 0.548438 0.151562 0.021875
8 0.487500 0.547656 0.112500 0.014063
8 0.713281 0.553125 0.142187 0.015625
8 0.829688 0.552344 0.009375 0.014063
