0 0.225781 0.669531 0.054688 0.264062
0 0.354687 0.587500 0.103125 0.081250
0 0.915625 0.609375 0.103125 0.100000
0 0.632031 0.599219 0.014063 0.042188
0 0.850781 0.631250 0.042188 0.090625
1 0.419531 0.599219 0.026562 0.032813
2 0.109375 0.644531 0.218750 0.251563
2 0.294531 0.646875 0.123438 0.168750
2 0.493750 0.600000 0.171875 0.071875
2 0.846094 0.615625 0.154688 0.059375
2 0.778125 0.623437 0.040625 0.043750
3 0.660937 0.663281 0.168750 0.157812
3 0.960156 0.716406 0.076563 0.257812
3 0.805469 0.709375 0.126562 0.203125
4 0.540625 0.289062 0.053125 0.090625
4 0.425781 0.535937 0.064062 0.090625
5 0.339062 0.240625 0.068750 0.168750
5 0.578125 0.361719 0.009375 0.089063
5 0.078125 0.417187 0.096875 0.090625
5 0.008594 0.417187 0.017188 0.043750
5 0.595313 0.541406 0.125000 0.085938
5 0.739062 0.550000 0.087500 0.062500
5 0.338281 0.546875 0.054688 0.018750
5 0.702344 0.571875 0.017188 0.015625
7 0.879687 0.647656 0.025000 0.079687
