0 0.374219 0.705469 0.017188 0.026562
0 0.071094 0.772656 0.026562 0.092188
2 0.428906 0.719531 0.076563 0.079687
2 0.034375 0.721094 0.068750 0.057813
4 0.450781 0.663281 0.076563 0.073438
5 0.664844 0.593750 0.082812 0.056250
5 0.344531 0.675000 0.026562 0.071875
5 0.059375 0.742188 0.037500 0.034375
5 0.200000 0.746094 0.021875 0.035937
6 0.175781 0.778125 0.029687 0.006250
6 0.621094 0.803906 0.035937 0.007812
6 0.408594 0.867969 0.148438 0.048438
6 0.168750 0.886719 0.059375 0.010937
6 0.587500 0.904687 0.168750 0.015625
6 0.945312 0.996875 0.037500 0.003125
7 0.312500 0.734375 0.012500 0.021875
8 0.706250 0.766406 0.175000 0.042188
