2 0.112500 0.717969 0.225000 0.064062
2 0.969531 0.701562 0.029687 0.025000
2 0.592187 0.709375 0.162500 0.031250
2 0.777344 0.707812 0.126562 0.025000
2 0.360156 0.717187 0.020313 0.025000
4 0.969531 0.596094 0.057813 0.151562
4 0.500000 0.646094 0.150000 0.157812
5 0.890625 0.584375 0.140625 0.421875
5 0.789844 0.652344 0.067187 0.017188
5 0.569531 0.655469 0.117188 0.020313
5 0.350781 0.683594 0.098437 0.073438
5 0.032031 0.676562 0.057813 0.015625
6 0.329688 0.883594 0.096875 0.020313
6 0.506250 0.880469 0.050000 0.014063
