0 0.661719 0.489844 0.110937 0.298438
0 0.783594 0.453906 0.120313 0.210938
0 0.442969 0.401562 0.017188 0.021875
0 0.573438 0.418750 0.006250 0.050000
1 0.890625 0.442188 0.090625 0.084375
2 0.294531 0.666406 0.589063 0.664062
2 0.632031 0.439063 0.051562 0.115625
2 0.720313 0.439063 0.059375 0.115625
4 0.917188 0.196094 0.162500 0.392188
4 0.623437 0.304688 0.050000 0.150000
4 0.264844 0.401562 0.117188 0.100000
4 0.907813 0.525781 0.050000 0.064062
5 0.696094 0.283594 0.064062 0.051562
5 0.824219 0.302344 0.039062 0.039062
5 0.188281 0.457031 0.039062 0.085938
5 0.632031 0.492969 0.020313 0.073438
