0 0.609375 0.518750 0.109375 0.062500
0 0.704688 0.503125 0.006250 0.028125
2 0.809375 0.512500 0.015625 0.028125
3 0.752344 0.686719 0.164062 0.367188
3 0.463281 0.533594 0.035937 0.045312
4 0.738281 0.467969 0.014063 0.023438
5 0.186719 0.322656 0.373437 0.201563
5 0.494531 0.415625 0.160938 0.087500
5 0.075781 0.470313 0.026562 0.056250
5 0.762500 0.493750 0.078125 0.090625
6 0.525781 0.574219 0.029687 0.004687
6 0.415625 0.618750 0.056250 0.015625
6 0.214062 0.622656 0.162500 0.017188
6 0.027344 0.683594 0.054688 0.017188
