0 0.714063 0.707031 0.065625 0.079687
0 0.089063 0.750000 0.040625 0.150000
2 0.928906 0.684375 0.139063 0.106250
2 0.791406 0.693750 0.107813 0.056250
2 0.652344 0.707812 0.007812 0.031250
2 0.411719 0.756250 0.120313 0.118750
2 0.531250 0.740625 0.046875 0.071875
4 0.182031 0.583594 0.157812 0.307812
4 0.955469 0.610938 0.085938 0.100000
4 0.333594 0.675781 0.135937 0.117188
4 0.876563 0.656250 0.065625 0.078125
4 0.463281 0.673438 0.114062 0.084375
5 0.787500 0.624219 0.028125 0.064062
7 0.150781 0.742188 0.017188 0.037500
