0 0.062500 0.497656 0.125000 0.189062
0 0.955469 0.421094 0.017188 0.032813
0 0.142969 0.421875 0.010937 0.018750
0 0.428125 0.456250 0.093750 0.062500
0 0.853125 0.453906 0.009375 0.035937
0 0.134375 0.537500 0.006250 0.028125
1 0.889844 0.487500 0.007812 0.037500
1 0.722656 0.547656 0.026562 0.067187
2 0.987500 0.480469 0.021875 0.160938
2 0.061719 0.474219 0.123438 0.085938
2 0.170313 0.475000 0.081250 0.087500
3 0.969531 0.497656 0.014063 0.035937
4 0.957031 0.315625 0.082812 0.153125
5 0.753906 0.424219 0.032813 0.060937
