0 0.046875 0.610938 0.053125 0.078125
0 0.512500 0.591406 0.018750 0.014063
0 0.701562 0.624219 0.046875 0.067187
0 0.893750 0.643750 0.025000 0.081250
2 0.504687 0.632031 0.218750 0.101562
2 0.070312 0.723437 0.140625 0.209375
3 0.650781 0.628125 0.023438 0.043750
4 0.112500 0.163281 0.225000 0.326562
4 0.570312 0.527344 0.175000 0.204687
5 0.614062 0.180469 0.043750 0.035937
5 0.905469 0.578906 0.185938 0.117188
5 0.729688 0.567969 0.131250 0.076563
5 0.482031 0.551562 0.014063 0.015625
5 0.705469 0.639844 0.020313 0.048438
5 0.950781 0.633594 0.070312 0.017188
6 0.374219 0.678125 0.054688 0.028125
6 0.248438 0.867188 0.090625 0.031250
7 0.634375 0.621094 0.009375 0.026562
7 0.408594 0.640625 0.017188 0.050000
7 0.188281 0.676562 0.023438 0.087500
