0 0.905469 0.632031 0.104688 0.057813
0 0.564844 0.636719 0.014063 0.048438
0 0.975000 0.630469 0.012500 0.035937
2 0.400000 0.665625 0.128125 0.146875
2 0.696094 0.671875 0.226562 0.143750
2 0.836719 0.646094 0.032813 0.048438
2 0.124219 0.703125 0.207813 0.156250
4 0.941406 0.325781 0.114062 0.301563
4 0.691406 0.512500 0.214062 0.209375
4 0.801562 0.468750 0.046875 0.109375
4 0.320312 0.571094 0.137500 0.173437
5 0.153906 0.446875 0.029687 0.065625
5 0.939063 0.512500 0.118750 0.046875
5 0.653125 0.564844 0.006250 0.020313
5 0.503125 0.607031 0.040625 0.070312
5 0.286719 0.610938 0.004687 0.021875
5 0.870313 0.626563 0.015625 0.050000
7 0.517188 0.639062 0.006250 0.025000
7 0.893750 0.676562 0.046875 0.071875
