0 0.983594 0.561719 0.029687 0.107813
0 0.753906 0.582812 0.035937 0.128125
0 0.069531 0.637500 0.139063 0.156250
0 0.194531 0.610938 0.104688 0.090625
0 0.270313 0.587500 0.021875 0.043750
4 0.500000 0.528125 0.153125 0.128125
4 0.416406 0.517188 0.010937 0.021875
5 0.907813 0.172656 0.181250 0.345313
5 0.978906 0.020313 0.039062 0.040625
5 0.803125 0.228906 0.140625 0.329688
5 0.719531 0.289844 0.082812 0.264062
5 0.643750 0.355469 0.012500 0.023438
5 0.950000 0.478125 0.096875 0.140625
5 0.752344 0.507031 0.029687 0.070312
5 0.274219 0.536719 0.020313 0.007812
7 0.539844 0.578906 0.004687 0.026562
8 0.716406 0.757812 0.564063 0.359375
8 0.281250 0.611719 0.093750 0.039062
8 0.116406 0.679688 0.232813 0.096875
