2 0.266406 0.536719 0.032813 0.010937
2 0.451562 0.673438 0.109375 0.043750
2 0.607812 0.679688 0.050000 0.053125
2 0.284375 0.662500 0.037500 0.015625
3 0.278906 0.685937 0.048438 0.087500
3 0.528906 0.717969 0.026562 0.067187
3 0.229687 0.800781 0.090625 0.148438
4 0.917969 0.525000 0.098437 0.256250
4 0.268750 0.611719 0.221875 0.023438
4 0.439063 0.633594 0.218750 0.064062
4 0.591406 0.607812 0.029687 0.006250
5 0.793750 0.311719 0.131250 0.301563
5 0.228906 0.576562 0.042188 0.112500
5 0.353125 0.596875 0.131250 0.106250
5 0.042188 0.611719 0.084375 0.104688
5 0.496094 0.607031 0.023438 0.007812
8 0.339062 0.688281 0.118750 0.045312
8 0.096875 0.727344 0.193750 0.101562
