0 0.517969 0.705469 0.104688 0.448437
0 0.961719 0.530469 0.014063 0.048438
0 0.766406 0.535937 0.026562 0.040625
0 0.335156 0.606250 0.085938 0.112500
0 0.199219 0.603125 0.076563 0.053125
0 0.137500 0.618750 0.040625 0.031250
1 0.613281 0.628906 0.110937 0.101562
1 0.372656 0.644531 0.010937 0.042188
2 0.980469 0.551562 0.035937 0.096875
2 0.815625 0.553906 0.162500 0.073438
2 0.040625 0.635156 0.081250 0.092188
4 0.042969 0.525000 0.085938 0.128125
5 0.117969 0.471875 0.060937 0.090625
5 0.784375 0.485156 0.178125 0.026562
5 0.604688 0.508594 0.156250 0.035937
5 0.050000 0.589844 0.084375 0.035937
5 0.196094 0.609375 0.032813 0.025000
7 0.387500 0.589063 0.015625 0.031250
7 0.607812 0.639844 0.040625 0.042188
