2 0.507031 0.660156 0.079687 0.107813
2 0.978125 0.629687 0.040625 0.018750
2 0.383594 0.644531 0.032813 0.020313
2 0.592187 0.639062 0.021875 0.009375
4 0.024219 0.355469 0.048438 0.107813
4 0.389844 0.608594 0.339062 0.070312
4 0.700000 0.614844 0.134375 0.042188
5 0.304688 0.517188 0.046875 0.056250
5 0.790625 0.575000 0.021875 0.050000
5 0.033594 0.564063 0.010937 0.009375
5 0.655469 0.591406 0.129688 0.029687
8 0.488281 0.648438 0.176563 0.006250
8 0.300000 0.653906 0.137500 0.007812
8 0.075781 0.657813 0.151562 0.006250
