0 0.185156 0.632031 0.057813 0.195312
0 0.341406 0.599219 0.026562 0.092188
0 0.450000 0.582031 0.018750 0.045312
1 0.373437 0.609375 0.018750 0.037500
2 0.650781 0.563281 0.220312 0.160938
2 0.429688 0.585938 0.153125 0.043750
2 0.082812 0.661719 0.165625 0.179688
2 0.294531 0.618750 0.017188 0.046875
4 0.870313 0.435937 0.256250 0.171875
5 0.182031 0.339844 0.095312 0.182812
5 0.912500 0.260937 0.015625 0.012500
5 0.473438 0.465625 0.050000 0.134375
5 0.700000 0.488281 0.009375 0.032813
5 0.398438 0.524219 0.050000 0.042188
5 0.554688 0.531250 0.018750 0.009375
