0 0.682031 0.596875 0.060937 0.103125
0 0.202344 0.590625 0.170313 0.078125
0 0.492188 0.590625 0.050000 0.062500
2 0.068750 0.639062 0.137500 0.309375
2 0.400781 0.616406 0.157812 0.176563
2 0.839844 0.710156 0.317188 0.345313
4 0.821875 0.400781 0.046875 0.176563
4 0.330469 0.544531 0.079687 0.107813
4 0.552344 0.560156 0.001563 0.045312
5 0.188281 0.531250 0.054688 0.031250
5 0.564844 0.543750 0.089063 0.050000
5 0.878125 0.539062 0.018750 0.006250
5 0.622656 0.567187 0.020313 0.006250
6 0.568750 0.660156 0.031250 0.004687
