0 0.564063 0.559375 0.009375 0.037500
2 0.436719 0.581250 0.170313 0.200000
2 0.935156 0.528906 0.051562 0.014063
2 0.185156 0.586719 0.260937 0.076563
4 0.977344 0.421875 0.042188 0.143750
4 0.701562 0.481250 0.084375 0.253125
4 0.590625 0.457031 0.143750 0.126562
4 0.282813 0.561719 0.021875 0.020313
4 0.032813 0.573438 0.021875 0.028125
5 0.753125 0.387500 0.081250 0.178125
5 0.185156 0.511719 0.195312 0.054688
5 0.928906 0.503906 0.076563 0.032813
5 0.648438 0.499219 0.068750 0.014063
5 0.526563 0.554688 0.012500 0.031250
7 0.025781 0.592969 0.017188 0.035937
