0 0.627344 0.479687 0.098437 0.137500
0 0.742969 0.458594 0.089063 0.057813
0 0.679688 0.530469 0.003125 0.035937
0 0.150000 0.961719 0.262500 0.073438
2 0.884375 0.585156 0.228125 0.451562
2 0.240625 0.586719 0.440625 0.304688
2 0.643750 0.486719 0.103125 0.089063
4 0.642188 0.254688 0.159375 0.250000
4 0.731250 0.281250 0.012500 0.056250
4 0.320312 0.454688 0.171875 0.140625
4 0.594531 0.438281 0.054688 0.026562
5 0.980469 0.244531 0.035937 0.145313
5 0.768750 0.307031 0.065625 0.145313
5 0.884375 0.274219 0.046875 0.057813
5 0.592969 0.428125 0.010937 0.037500
6 0.717187 0.580469 0.053125 0.007812
7 0.660156 0.438281 0.029687 0.029687
