0 0.495312 0.796875 0.121875 0.403125
0 0.948438 0.707031 0.100000 0.189062
0 0.572656 0.656250 0.060937 0.078125
0 0.330469 0.651563 0.017188 0.062500
0 0.190625 0.646094 0.015625 0.039062
0 0.038281 0.684375 0.076563 0.112500
0 0.817187 0.723437 0.103125 0.125000
1 0.151562 0.710156 0.012500 0.082812
1 0.562500 0.758594 0.040625 0.123438
3 0.305469 0.744531 0.067187 0.173437
3 0.201563 0.800000 0.115625 0.171875
4 0.969531 0.498437 0.057813 0.037500
4 0.517969 0.581250 0.026562 0.065625
5 0.098437 0.517969 0.196875 0.082812
5 0.342969 0.574219 0.142187 0.054688
6 0.720313 0.810937 0.053125 0.015625
