0 0.887500 0.505469 0.103125 0.485938
0 0.691406 0.442188 0.010937 0.018750
0 0.198437 0.496094 0.021875 0.070312
0 0.006250 0.524219 0.012500 0.070312
2 0.962500 0.456250 0.071875 0.171875
2 0.778125 0.452344 0.121875 0.132812
2 0.268750 0.486719 0.125000 0.060937
2 0.123438 0.503125 0.131250 0.046875
2 0.018750 0.499219 0.025000 0.014063
4 0.117969 0.317969 0.235937 0.523438
4 0.768750 0.309375 0.078125 0.187500
4 0.575000 0.412500 0.103125 0.071875
5 0.309375 0.289062 0.040625 0.025000
6 0.253125 0.767188 0.109375 0.046875
7 0.112500 0.748437 0.171875 0.462500
