0 0.634375 0.578906 0.065625 0.135937
0 0.879687 0.567969 0.081250 0.104688
0 0.110937 0.560156 0.043750 0.060937
0 0.440625 0.553906 0.012500 0.042188
2 0.380469 0.507812 0.010937 0.012500
2 0.324219 0.562500 0.145313 0.062500
2 0.009375 0.608594 0.018750 0.051562
4 0.886719 0.302344 0.173437 0.604688
4 0.347656 0.457813 0.051562 0.087500
4 0.537500 0.535937 0.078125 0.065625
5 0.745313 0.325781 0.037500 0.101562
5 0.053906 0.457031 0.107813 0.051562
5 0.133594 0.487500 0.039062 0.037500
5 0.942969 0.511719 0.010937 0.020313
6 0.520312 0.612500 0.031250 0.003125
6 0.064062 0.660156 0.059375 0.007812
7 0.611719 0.559375 0.010937 0.025000
