0 0.759375 0.610156 0.021875 0.132812
0 0.539062 0.590625 0.053125 0.031250
0 0.328906 0.635938 0.017188 0.031250
2 0.432812 0.613281 0.156250 0.095312
2 0.630469 0.600000 0.117188 0.062500
2 0.241406 0.659375 0.210938 0.178125
2 0.774219 0.620313 0.126562 0.100000
2 0.035156 0.639062 0.070312 0.096875
4 0.692187 0.501563 0.175000 0.115625
4 0.535156 0.535156 0.170313 0.160938
4 0.264844 0.536719 0.145313 0.157812
4 0.653125 0.532031 0.050000 0.032813
5 0.132812 0.157812 0.012500 0.150000
5 0.490625 0.367969 0.234375 0.079687
5 0.968750 0.362500 0.059375 0.059375
5 0.918750 0.560937 0.121875 0.225000
5 0.397656 0.491406 0.020313 0.020313
5 0.527344 0.561719 0.060937 0.067187
5 0.678125 0.568750 0.087500 0.075000
5 0.219531 0.550781 0.010937 0.023438
5 0.850781 0.566406 0.010937 0.029687
6 0.828906 0.672656 0.023438 0.007812
7 0.796094 0.646094 0.023438 0.076563
