0 0.146094 0.613281 0.057813 0.285938
0 0.688281 0.549219 0.079687 0.054688
0 0.188281 0.546094 0.014063 0.045312
0 0.741406 0.535937 0.010937 0.018750
0 0.301563 0.559375 0.031250 0.056250
1 0.437500 0.559375 0.053125 0.037500
2 0.633594 0.554688 0.029687 0.037500
2 0.750000 0.559375 0.040625 0.040625
4 0.899219 0.281250 0.085938 0.075000
4 0.315625 0.471875 0.087500 0.178125
4 0.696875 0.572656 0.106250 0.032813
5 0.263281 0.434375 0.035937 0.128125
5 0.399219 0.489844 0.020313 0.167187
5 0.920312 0.462500 0.156250 0.087500
5 0.283594 0.560156 0.095312 0.101562
6 0.240625 0.653125 0.053125 0.003125
7 0.389062 0.617969 0.050000 0.104688
