0 0.176563 0.516406 0.046875 0.098437
0 0.560937 0.517969 0.031250 0.057813
1 0.032031 0.532813 0.064062 0.056250
2 0.301563 0.576562 0.406250 0.246875
2 0.010937 0.492969 0.021875 0.048438
2 0.781250 0.556250 0.434375 0.153125
3 0.247656 0.504687 0.014063 0.037500
3 0.563281 0.528125 0.060937 0.043750
3 0.850000 0.521094 0.012500 0.017188
3 0.016406 0.560937 0.032813 0.084375
4 0.249219 0.268750 0.364063 0.537500
4 0.846875 0.247656 0.303125 0.495312
4 0.267188 0.398438 0.053125 0.153125
4 0.845313 0.443750 0.015625 0.134375
5 0.442969 0.467187 0.014063 0.012500
5 0.163281 0.471094 0.020313 0.017188
7 0.098437 0.538281 0.006250 0.045312
