0 0.857031 0.437500 0.014063 0.025000
0 0.709375 0.449219 0.025000 0.017188
0 0.335156 0.492969 0.082812 0.070312
0 0.482031 0.491406 0.017188 0.064062
0 0.235156 0.496875 0.085938 0.065625
2 0.813281 0.547656 0.370312 0.217188
2 0.334375 0.478125 0.162500 0.053125
2 0.520312 0.505469 0.203125 0.092188
3 0.386719 0.496875 0.067187 0.050000
3 0.061719 0.511719 0.085938 0.048438
4 0.146875 0.250000 0.293750 0.500000
4 0.677344 0.390625 0.101562 0.128125
4 0.921875 0.414844 0.021875 0.048438
5 0.618750 0.375000 0.078125 0.134375
5 0.964063 0.422656 0.028125 0.029687
7 0.153906 0.507031 0.010937 0.017188
