2 0.411719 0.463281 0.089063 0.042188
2 0.185156 0.503906 0.351562 0.089063
4 0.449219 0.406250 0.082812 0.187500
4 0.602344 0.410938 0.051562 0.121875
5 0.764062 0.240625 0.468750 0.212500
5 0.619531 0.335938 0.010937 0.037500
5 0.517969 0.360156 0.010937 0.020313
5 0.175000 0.456250 0.115625 0.065625
5 0.289844 0.430469 0.045312 0.014063
5 0.024219 0.433594 0.026562 0.014063
6 0.953906 0.544531 0.026562 0.007812
6 0.375000 0.578125 0.093750 0.062500
6 0.573438 0.671094 0.125000 0.070312
6 0.106250 0.927344 0.212500 0.142187
