0 0.737500 0.635938 0.015625 0.056250
2 0.521094 0.675000 0.114062 0.171875
2 0.346094 0.688281 0.185938 0.120313
2 0.623437 0.657813 0.015625 0.018750
2 0.045312 0.728906 0.090625 0.073438
4 0.089844 0.442969 0.179688 0.535937
4 0.803906 0.680469 0.389062 0.439063
4 0.264062 0.618750 0.206250 0.106250
4 0.196094 0.672656 0.048438 0.057813
5 0.844531 0.544531 0.307812 0.204687
5 0.632031 0.640625 0.023438 0.040625
5 0.446875 0.651563 0.025000 0.043750
5 0.153906 0.669531 0.095312 0.070312
6 0.314844 0.766406 0.076563 0.014063
7 0.744531 0.640625 0.010937 0.031250
