0 0.367969 0.564844 0.010937 0.042188
0 0.464844 0.571094 0.004687 0.029687
1 0.081250 0.542969 0.043750 0.076563
1 0.411719 0.576562 0.007812 0.021875
2 0.607031 0.573438 0.070312 0.078125
2 0.401562 0.564063 0.053125 0.031250
2 0.857812 0.582812 0.021875 0.040625
4 0.674219 0.529687 0.104688 0.131250
4 0.552344 0.550000 0.045312 0.059375
4 0.953125 0.578906 0.021875 0.092188
5 0.071094 0.341406 0.142187 0.229687
5 0.855469 0.410156 0.026562 0.120313
5 0.700000 0.505469 0.028125 0.123438
5 0.410938 0.532813 0.021875 0.012500
