0 0.603906 0.617969 0.148438 0.170313
0 0.710156 0.571875 0.035937 0.075000
0 0.392969 0.600000 0.010937 0.059375
2 0.525000 0.577344 0.178125 0.079687
2 0.840625 0.732812 0.315625 0.343750
2 0.419531 0.598437 0.026562 0.046875
3 0.714844 0.557813 0.010937 0.021875
4 0.635156 0.481250 0.089063 0.084375
5 0.862500 0.345313 0.187500 0.165625
5 0.253906 0.377344 0.051562 0.060937
5 0.706250 0.452344 0.040625 0.048438
5 0.874219 0.510938 0.101562 0.125000
5 0.515625 0.475781 0.009375 0.020313
5 0.242969 0.510156 0.007812 0.042188
5 0.392188 0.507031 0.018750 0.014063
