1 0.265625 0.580469 0.015625 0.023438
1 0.650000 0.651563 0.015625 0.056250
2 0.497656 0.564063 0.051562 0.046875
2 0.244531 0.564063 0.132812 0.034375
2 0.906250 0.781250 0.184375 0.434375
4 0.757812 0.432031 0.121875 0.107813
4 0.395313 0.478125 0.137500 0.178125
5 0.975000 0.192188 0.046875 0.109375
5 0.910156 0.457813 0.176563 0.203125
5 0.701562 0.442969 0.009375 0.023438
5 0.238281 0.484375 0.017188 0.015625
5 0.571875 0.532813 0.103125 0.084375
5 0.822656 0.527344 0.014063 0.070312
5 0.740625 0.543750 0.009375 0.031250
7 0.514062 0.580469 0.009375 0.026562
7 0.672656 0.600000 0.020313 0.046875
8 0.171875 0.709375 0.343750 0.212500
