0 0.874219 0.730469 0.132812 0.123438
0 0.517188 0.704688 0.040625 0.046875
0 0.992188 0.732812 0.012500 0.103125
0 0.101562 0.726562 0.059375 0.084375
0 0.823438 0.755469 0.096875 0.142187
0 0.219531 0.712500 0.010937 0.050000
0 0.367188 0.723437 0.018750 0.053125
1 0.870313 0.747656 0.021875 0.045312
4 0.898438 0.660937 0.037500 0.059375
5 0.096875 0.641406 0.068750 0.104688
5 0.908594 0.649219 0.054688 0.064062
5 0.257031 0.628906 0.026562 0.020313
5 0.747656 0.675000 0.173437 0.081250
5 0.894531 0.742188 0.067187 0.118750
