1 0.900781 0.616406 0.195312 0.276562
1 0.719531 0.548438 0.148438 0.134375
1 0.339844 0.592969 0.173437 0.154688
1 0.459375 0.627344 0.065625 0.107813
2 0.128906 0.689844 0.257812 0.617188
2 0.597656 0.526563 0.142187 0.118750
2 0.457031 0.525781 0.117188 0.107813
2 0.380469 0.540625 0.054688 0.087500
3 0.746875 0.546094 0.165625 0.185938
3 0.635156 0.560156 0.035937 0.073438
4 0.368750 0.433594 0.078125 0.082812
5 0.157812 0.246875 0.315625 0.493750
5 0.903906 0.142969 0.189062 0.285938
5 0.710156 0.361719 0.179688 0.257812
5 0.790625 0.278125 0.050000 0.050000
