0 0.850781 0.673438 0.101562 0.071875
1 0.863281 0.710938 0.023438 0.053125
2 0.490625 0.657031 0.153125 0.101562
2 0.142969 0.678906 0.285938 0.104688
2 0.717187 0.712500 0.243750 0.171875
3 0.911719 0.699219 0.039062 0.085938
4 0.185938 0.461719 0.256250 0.445312
4 0.395313 0.582031 0.068750 0.126562
5 0.732031 0.361719 0.014063 0.160938
5 0.075000 0.489844 0.140625 0.182812
5 0.513281 0.488281 0.007812 0.073438
5 0.013281 0.560156 0.026562 0.029687
5 0.167969 0.574219 0.029687 0.020313
7 0.980469 0.725000 0.020313 0.090625
