0 0.902344 0.733594 0.026562 0.104688
0 0.810156 0.739844 0.020313 0.070312
0 0.672656 0.734375 0.007812 0.040625
2 0.729688 0.725781 0.096875 0.032813
2 0.430469 0.771094 0.239063 0.082812
4 0.744531 0.692187 0.067187 0.065625
4 0.014844 0.717187 0.029687 0.062500
4 0.421875 0.725000 0.146875 0.043750
4 0.233594 0.821875 0.229687 0.087500
5 0.024219 0.105469 0.048438 0.057813
5 0.110937 0.426563 0.096875 0.206250
5 0.679688 0.644531 0.146875 0.101562
5 0.282813 0.654687 0.050000 0.040625
5 0.372656 0.710156 0.029687 0.026562
5 0.281250 0.748437 0.006250 0.021875
7 0.769531 0.759375 0.035937 0.084375
