0 0.114844 0.736719 0.023438 0.110937
0 0.335156 0.719531 0.014063 0.054688
2 0.692187 0.685156 0.446875 0.404687
2 0.054688 0.789844 0.109375 0.223438
2 0.974219 0.821875 0.048438 0.278125
2 0.300000 0.716406 0.062500 0.045312
2 0.425781 0.723437 0.035937 0.053125
2 0.185938 0.760156 0.103125 0.104688
4 0.050000 0.478906 0.100000 0.395313
4 0.683594 0.437500 0.126562 0.193750
4 0.350000 0.627344 0.037500 0.076563
5 0.565625 0.600781 0.018750 0.039062
5 0.050781 0.639062 0.085938 0.031250
5 0.242969 0.642188 0.042188 0.025000
7 0.231250 0.735156 0.065625 0.104688
