0 0.440625 0.285938 0.046875 0.040625
0 0.592187 0.356250 0.075000 0.059375
0 0.029687 0.385937 0.059375 0.103125
0 0.178125 0.367969 0.106250 0.064062
0 0.679688 0.383594 0.015625 0.060937
0 0.144531 0.432812 0.026562 0.031250
0 0.964844 0.507031 0.067187 0.039062
2 0.553906 0.397656 0.185938 0.285938
2 0.326562 0.415625 0.246875 0.193750
2 0.069531 0.370312 0.107813 0.059375
2 0.839844 0.529687 0.317188 0.337500
4 0.457813 0.221094 0.125000 0.114062
4 0.342187 0.313281 0.121875 0.057813
5 0.642188 0.233594 0.156250 0.048438
7 0.087500 0.357031 0.018750 0.010937
