0 0.985938 0.482812 0.009375 0.025000
0 0.119531 0.544531 0.120313 0.092188
0 0.247656 0.538281 0.007812 0.035937
1 0.557813 0.556250 0.050000 0.053125
2 0.660156 0.512500 0.032813 0.025000
2 0.037500 0.546875 0.050000 0.025000
4 0.878906 0.246094 0.239063 0.492188
4 0.144531 0.475781 0.110937 0.126562
4 0.006250 0.554688 0.006250 0.018750
5 0.300000 0.439844 0.059375 0.070312
5 0.728906 0.434375 0.079687 0.046875
5 0.859375 0.475000 0.021875 0.006250
5 0.019531 0.523438 0.014063 0.012500
7 0.976562 0.496094 0.009375 0.026562
7 0.154688 0.573438 0.025000 0.068750
