0 0.734375 0.553906 0.012500 0.029687
0 0.553125 0.590625 0.009375 0.021875
0 0.091406 0.639844 0.029687 0.042188
1 0.503906 0.696094 0.042188 0.157812
1 0.145313 0.655469 0.025000 0.026562
2 0.038281 0.713281 0.076563 0.267188
2 0.364844 0.617969 0.129688 0.057813
2 0.232813 0.639844 0.096875 0.064062
4 0.077344 0.578125 0.060937 0.175000
4 0.320312 0.593750 0.037500 0.028125
5 0.385937 0.551562 0.006250 0.028125
6 0.538281 0.975000 0.229687 0.046875
7 0.606250 0.585156 0.012500 0.020313
7 0.283594 0.625781 0.010937 0.017188
