0 0.600000 0.737500 0.315625 0.521875
0 0.942187 0.728125 0.106250 0.365625
0 0.151562 0.623437 0.140625 0.137500
0 0.271875 0.625781 0.087500 0.120313
0 0.421094 0.623437 0.051562 0.081250
2 0.100000 0.617188 0.100000 0.043750
2 0.223438 0.614062 0.015625 0.028125
2 0.008594 0.611719 0.017188 0.014063
3 0.367969 0.616406 0.020313 0.023438
4 0.564844 0.480469 0.157812 0.204687
4 0.064844 0.532031 0.129688 0.142187
4 0.240625 0.533594 0.156250 0.098437
5 0.629687 0.288281 0.262500 0.576562
5 0.205469 0.428125 0.079687 0.081250
5 0.111719 0.445312 0.026562 0.021875
5 0.890625 0.503906 0.025000 0.042188
5 0.778125 0.525000 0.025000 0.012500
5 0.600000 0.567969 0.062500 0.070312
5 0.355469 0.585156 0.014063 0.054688
