0 0.614844 0.612500 0.079687 0.190625
0 0.672656 0.564063 0.032813 0.068750
0 0.146875 0.546875 0.012500 0.025000
2 0.878906 0.535156 0.054688 0.026562
2 0.506250 0.558594 0.150000 0.070312
2 0.388281 0.582031 0.207813 0.117188
2 0.052344 0.590625 0.104688 0.100000
2 0.221875 0.574219 0.087500 0.064062
2 0.627344 0.564063 0.020313 0.040625
4 0.452344 0.467969 0.079687 0.120313
4 0.613281 0.514062 0.073438 0.043750
4 0.798438 0.569531 0.215625 0.060937
5 0.069531 0.464062 0.139063 0.081250
5 0.628125 0.518750 0.018750 0.081250
5 0.478906 0.516406 0.007812 0.020313
6 0.604688 0.885156 0.043750 0.020313
7 0.264062 0.570312 0.015625 0.040625
