0 0.038281 0.653125 0.076563 0.093750
0 0.325781 0.644531 0.051562 0.035937
0 0.404687 0.647656 0.015625 0.039062
0 0.818750 0.661719 0.065625 0.045312
1 0.260156 0.655469 0.010937 0.045312
2 0.543750 0.708594 0.250000 0.332813
2 0.923438 0.687500 0.150000 0.112500
4 0.815625 0.540625 0.181250 0.246875
4 0.510156 0.530469 0.014063 0.017188
5 0.189062 0.417969 0.071875 0.035937
5 0.512500 0.549219 0.021875 0.029687
5 0.445312 0.614062 0.006250 0.037500
5 0.959375 0.608594 0.012500 0.010937
5 0.157812 0.643750 0.012500 0.025000
7 0.743750 0.665625 0.009375 0.021875
