0 0.752344 0.684375 0.023438 0.065625
2 0.115625 0.627344 0.231250 0.210938
2 0.477344 0.676562 0.373437 0.309375
2 0.271094 0.645312 0.035937 0.028125
2 0.952344 0.765625 0.092188 0.118750
4 0.392969 0.561719 0.104688 0.079687
4 0.296875 0.632031 0.018750 0.010937
5 0.467969 0.354687 0.104688 0.071875
5 0.050781 0.553906 0.020313 0.064062
5 0.779687 0.578906 0.193750 0.042188
5 0.720313 0.663281 0.012500 0.035937
6 0.247656 0.807031 0.067187 0.010937
6 0.017188 0.920312 0.034375 0.034375
8 0.110937 0.703125 0.050000 0.028125
