0 0.946094 0.767188 0.023438 0.093750
0 0.639844 0.762500 0.007812 0.034375
2 0.876563 0.758594 0.106250 0.060937
2 0.536719 0.807813 0.204687 0.140625
2 0.749219 0.788281 0.114062 0.089063
2 0.128125 0.821094 0.193750 0.132812
2 0.240625 0.775000 0.040625 0.028125
4 0.445312 0.610938 0.084375 0.109375
4 0.386719 0.713281 0.217188 0.129688
4 0.607812 0.721875 0.043750 0.075000
5 0.025000 0.478906 0.050000 0.142187
5 0.733594 0.550781 0.039062 0.048438
5 0.239844 0.692187 0.098437 0.200000
5 0.332031 0.632812 0.064062 0.065625
5 0.776563 0.664062 0.068750 0.021875
5 0.038281 0.696875 0.076563 0.056250
5 0.332031 0.714844 0.045312 0.054688
5 0.546875 0.719531 0.068750 0.042188
8 0.625000 0.912500 0.050000 0.050000
8 0.356250 0.921875 0.068750 0.059375
