0 0.088281 0.494531 0.082812 0.214062
0 0.790625 0.428906 0.009375 0.017188
0 0.918750 0.456250 0.018750 0.037500
0 0.496094 0.578906 0.042188 0.279687
1 0.984375 0.511719 0.021875 0.073438
2 0.114844 0.481250 0.229687 0.140625
2 0.776563 0.480469 0.278125 0.135937
2 0.997656 0.741406 0.001563 0.054688
4 0.535156 0.307812 0.067187 0.175000
5 0.885156 0.275000 0.082812 0.090625
5 0.764062 0.321875 0.165625 0.118750
5 0.013281 0.335156 0.026562 0.092188
5 0.460156 0.364063 0.070312 0.150000
5 0.705469 0.384375 0.026562 0.006250
5 0.882031 0.397656 0.076563 0.017188
6 0.269531 0.485938 0.023438 0.006250
6 0.164844 0.577344 0.051562 0.017188
