0 0.424219 0.668750 0.032813 0.034375
0 0.682813 0.671094 0.062500 0.035937
0 0.341406 0.700781 0.048438 0.070312
1 0.082031 0.693750 0.045312 0.040625
2 0.575781 0.700781 0.089063 0.117188
2 0.346094 0.661719 0.017188 0.023438
2 0.085938 0.671094 0.103125 0.035937
2 0.176563 0.670312 0.068750 0.034375
2 0.792969 0.759375 0.273438 0.196875
3 0.325781 0.693750 0.151562 0.078125
3 0.025000 0.689063 0.050000 0.062500
3 0.196875 0.679688 0.053125 0.040625
3 0.473438 0.680469 0.034375 0.032813
4 0.206250 0.629687 0.003125 0.043750
5 0.100781 0.612500 0.132812 0.012500
5 0.013281 0.613281 0.026562 0.007812
5 0.739062 0.629687 0.009375 0.012500
7 0.017969 0.669531 0.035937 0.042188
7 0.821875 0.693750 0.193750 0.090625
7 0.629687 0.667969 0.040625 0.026562
7 0.252344 0.747656 0.029687 0.104688
8 0.521094 0.721094 0.020313 0.023438
