0 0.972656 0.542188 0.051562 0.050000
0 0.808594 0.551562 0.129688 0.062500
0 0.721875 0.551562 0.015625 0.053125
0 0.014063 0.564844 0.009375 0.026562
1 0.951562 0.639844 0.065625 0.092188
2 0.321875 0.599219 0.171875 0.098437
3 0.659375 0.626563 0.084375 0.184375
4 0.500781 0.450000 0.157812 0.253125
4 0.596094 0.436719 0.020313 0.057813
5 0.689844 0.478125 0.167187 0.106250
5 0.906250 0.489063 0.184375 0.075000
5 0.795312 0.494531 0.015625 0.070312
5 0.593750 0.485938 0.012500 0.015625
5 0.089063 0.534375 0.046875 0.068750
5 0.189062 0.518750 0.012500 0.018750
5 0.509375 0.548438 0.009375 0.015625
6 0.905469 0.696094 0.060937 0.010937
7 0.980469 0.598437 0.035937 0.087500
