0 0.114062 0.506250 0.025000 0.093750
0 0.021875 0.558594 0.018750 0.107813
0 0.871094 0.525781 0.032813 0.042188
0 0.576562 0.531250 0.043750 0.050000
0 0.763281 0.521094 0.007812 0.023438
0 0.375000 0.572656 0.018750 0.107813
1 0.861719 0.543750 0.107813 0.040625
1 0.801562 0.613281 0.034375 0.082812
2 0.616406 0.527344 0.048438 0.026562
2 0.557813 0.696875 0.265625 0.300000
4 0.850781 0.363281 0.295312 0.348438
4 0.701562 0.382812 0.181250 0.281250
4 0.023438 0.477344 0.012500 0.079687
5 0.467187 0.393750 0.006250 0.028125
5 0.758594 0.481250 0.107813 0.090625
7 0.746094 0.550781 0.017188 0.045312
7 0.002344 0.555469 0.004687 0.042188
