0 0.513281 0.608594 0.045312 0.207813
0 0.375000 0.635938 0.140625 0.225000
0 0.291406 0.780469 0.079687 0.423438
1 0.335156 0.632812 0.020313 0.078125
2 0.939063 0.649219 0.118750 0.360938
2 0.303125 0.544531 0.062500 0.092188
2 0.132031 0.602344 0.264062 0.204687
4 0.242188 0.260156 0.384375 0.520312
4 0.852344 0.117188 0.292187 0.234375
4 0.135937 0.525000 0.090625 0.081250
5 0.491406 0.162500 0.079687 0.268750
5 0.512500 0.557031 0.068750 0.248438
5 0.074219 0.529687 0.007812 0.015625
5 0.464062 0.567187 0.021875 0.059375
6 0.393750 0.746094 0.037500 0.020313
