0 0.742188 0.742969 0.021875 0.095312
0 0.888281 0.768750 0.054688 0.109375
0 0.625000 0.749219 0.021875 0.048438
2 0.103906 0.852344 0.207813 0.292187
2 0.386719 0.768750 0.239063 0.125000
2 0.754687 0.742188 0.078125 0.056250
4 0.142187 0.624219 0.275000 0.314063
4 0.541406 0.575000 0.085938 0.106250
4 0.002344 0.681250 0.004687 0.046875
5 0.404687 0.430469 0.040625 0.029687
5 0.678906 0.678125 0.014063 0.009375
5 0.264844 0.767969 0.010937 0.017188
6 0.978125 0.875781 0.040625 0.007812
7 0.796875 0.785156 0.062500 0.089063
