0 0.953906 0.562500 0.017188 0.078125
0 0.610156 0.582031 0.057813 0.070312
0 0.481250 0.616406 0.009375 0.095312
0 0.292969 0.650781 0.079687 0.139063
0 0.014844 0.664844 0.026562 0.154688
0 0.089844 0.632031 0.014063 0.089063
2 0.825000 0.597656 0.250000 0.120313
2 0.895312 0.810937 0.206250 0.375000
2 0.010156 0.867969 0.020313 0.148438
3 0.196875 0.643750 0.012500 0.025000
4 0.840625 0.488281 0.065625 0.101562
4 0.757031 0.522656 0.035937 0.048438
4 0.599219 0.538281 0.039062 0.045312
5 0.557813 0.474219 0.253125 0.210938
5 0.153906 0.447656 0.148438 0.126562
5 0.301563 0.441406 0.231250 0.076563
5 0.036719 0.464062 0.073438 0.071875
6 0.302344 0.721094 0.029687 0.010937
6 0.864844 0.732812 0.042188 0.018750
7 0.584375 0.702344 0.028125 0.076563
