0 0.025000 0.467969 0.050000 0.117188
0 0.797656 0.473438 0.048438 0.121875
0 0.326562 0.435156 0.037500 0.039062
0 0.598437 0.426563 0.009375 0.018750
0 0.410938 0.433594 0.028125 0.029687
0 0.717187 0.460938 0.025000 0.081250
2 0.925781 0.450781 0.145313 0.098437
2 0.489844 0.474219 0.126562 0.107813
2 0.264062 0.446875 0.093750 0.043750
2 0.826562 0.442188 0.025000 0.028125
4 0.689063 0.263281 0.243750 0.526563
4 0.896875 0.269531 0.203125 0.539062
4 0.566406 0.396875 0.067187 0.053125
5 0.717187 0.434375 0.037500 0.071875
7 0.332031 0.442188 0.007812 0.018750
8 0.202344 0.450781 0.039062 0.017188
