0 0.463281 0.585938 0.045312 0.037500
0 0.304688 0.592969 0.059375 0.045312
0 0.689063 0.613281 0.059375 0.082812
0 0.550781 0.589844 0.010937 0.029687
2 0.357031 0.610938 0.410938 0.109375
2 0.616406 0.612500 0.060937 0.050000
5 0.728125 0.248438 0.078125 0.496875
5 0.960938 0.102344 0.075000 0.204687
5 0.854688 0.273438 0.100000 0.284375
5 0.294531 0.485938 0.139063 0.100000
5 0.521094 0.538281 0.185938 0.029687
5 0.669531 0.545312 0.023438 0.028125
6 0.711719 0.702344 0.032813 0.004687
6 0.098437 0.864062 0.093750 0.031250
