0 0.282031 0.399219 0.020313 0.082812
1 0.851562 0.591406 0.131250 0.264062
2 0.924219 0.360156 0.126562 0.085938
2 0.801562 0.370312 0.059375 0.043750
2 0.646875 0.403125 0.184375 0.103125
2 0.498437 0.401562 0.059375 0.050000
4 0.767969 0.217969 0.120313 0.298438
4 0.975000 0.180469 0.046875 0.195312
4 0.347656 0.279687 0.164062 0.243750
4 0.507031 0.175781 0.010937 0.029687
5 0.204687 0.135156 0.009375 0.032813
5 0.244531 0.328906 0.051562 0.160938
5 0.897656 0.312500 0.098437 0.031250
5 0.750000 0.346094 0.025000 0.035937
5 0.395313 0.376563 0.037500 0.065625
6 0.739844 0.775000 0.101562 0.043750
