0 0.757812 0.626563 0.137500 0.321875
0 0.087500 0.622656 0.046875 0.142187
0 0.625000 0.628125 0.115625 0.131250
0 0.178906 0.605469 0.014063 0.026562
2 0.902344 0.579688 0.148438 0.050000
2 0.216406 0.630469 0.217188 0.117188
2 0.450781 0.610156 0.110937 0.076563
2 0.030469 0.700781 0.060937 0.173437
3 0.042969 0.646094 0.042188 0.057813
4 0.196875 0.435937 0.046875 0.100000
4 0.917969 0.495312 0.160938 0.159375
4 0.007031 0.489844 0.014063 0.070312
4 0.486719 0.556250 0.035937 0.078125
5 0.567187 0.428125 0.056250 0.115625
5 0.303125 0.485156 0.112500 0.120313
5 0.546094 0.537500 0.067187 0.143750
8 0.719531 0.636719 0.073438 0.079687
8 0.910937 0.683594 0.175000 0.170313
