0 0.142187 0.746094 0.103125 0.107813
0 0.332813 0.720313 0.028125 0.040625
0 0.062500 0.749219 0.025000 0.085938
2 0.525000 0.777344 0.137500 0.145313
2 0.656250 0.717187 0.118750 0.018750
2 0.757031 0.717969 0.042188 0.020313
4 0.047656 0.067969 0.095312 0.135937
4 0.857812 0.677344 0.018750 0.017188
4 0.514844 0.689844 0.026562 0.029687
4 0.375000 0.733594 0.006250 0.029687
5 0.132812 0.679688 0.159375 0.162500
5 0.773438 0.665625 0.068750 0.075000
5 0.417187 0.687500 0.071875 0.096875
7 0.364844 0.732812 0.010937 0.031250
