0 0.923438 0.371094 0.075000 0.310937
0 0.395313 0.377344 0.087500 0.067187
0 0.326562 0.382812 0.053125 0.062500
0 0.008594 0.425000 0.017188 0.062500
2 0.476562 0.354687 0.150000 0.075000
2 0.386719 0.367969 0.017188 0.020313
3 0.372656 0.385937 0.089063 0.043750
3 0.250000 0.392188 0.043750 0.043750
3 0.128125 0.439063 0.106250 0.078125
5 0.935156 0.207813 0.126562 0.393750
5 0.719531 0.230469 0.045312 0.254688
5 0.626563 0.223438 0.025000 0.065625
5 0.285156 0.347656 0.120313 0.023438
5 0.146875 0.358594 0.100000 0.020313
