0 0.433594 0.726562 0.010937 0.025000
0 0.667188 0.803906 0.018750 0.095312
2 0.449219 0.747656 0.145313 0.082812
2 0.287500 0.756250 0.100000 0.078125
3 0.577344 0.766406 0.048438 0.045312
4 0.832031 0.769531 0.332813 0.245312
4 0.399219 0.687500 0.035937 0.059375
5 0.051562 0.640625 0.050000 0.165625
5 0.636719 0.590625 0.039062 0.034375
5 0.153125 0.617969 0.084375 0.064062
5 0.878125 0.626563 0.093750 0.059375
5 0.217969 0.620313 0.035937 0.034375
5 0.425000 0.679688 0.065625 0.118750
5 0.939063 0.686719 0.087500 0.029687
