0 0.273438 0.746094 0.025000 0.060937
2 0.928125 0.493750 0.140625 0.159375
2 0.364844 0.739062 0.179688 0.087500
2 0.730469 0.846875 0.535937 0.303125
2 0.228125 0.735156 0.081250 0.039062
2 0.064062 0.745313 0.128125 0.031250
3 0.460156 0.756250 0.014063 0.031250
4 0.616406 0.604688 0.223438 0.190625
4 0.483594 0.685937 0.151562 0.075000
4 0.014063 0.721875 0.028125 0.028125
5 0.492969 0.639062 0.085938 0.056250
5 0.014844 0.678125 0.029687 0.034375
5 0.132812 0.681250 0.009375 0.031250
5 0.745313 0.686719 0.078125 0.023438
5 0.346094 0.731250 0.054688 0.046875
