0 0.464844 0.453125 0.026562 0.043750
0 0.933594 0.485938 0.010937 0.031250
2 0.727344 0.520312 0.182812 0.203125
3 0.400000 0.484375 0.059375 0.075000
3 0.615625 0.503125 0.018750 0.059375
3 0.961719 0.500781 0.054688 0.039062
4 0.982031 0.050000 0.032813 0.068750
4 0.817187 0.411719 0.053125 0.151562
4 0.269531 0.597656 0.054688 0.023438
5 0.446094 0.080469 0.054688 0.076563
5 0.225781 0.291406 0.148438 0.085938
5 0.465625 0.345313 0.031250 0.128125
5 0.285938 0.435937 0.018750 0.021875
5 0.520312 0.446875 0.062500 0.037500
5 0.588281 0.453906 0.007812 0.020313
6 0.545312 0.562500 0.050000 0.015625
7 0.829688 0.487500 0.015625 0.015625
