0 0.919531 0.385156 0.032813 0.067187
0 0.369531 0.435937 0.042188 0.162500
0 0.472656 0.427344 0.076563 0.142187
1 0.515625 0.449219 0.012500 0.054688
1 0.017188 0.628906 0.034375 0.123438
2 0.060156 0.503906 0.051562 0.167187
2 0.039844 0.605469 0.017188 0.020313
4 0.758594 0.231250 0.345313 0.368750
4 0.270313 0.279687 0.081250 0.106250
4 0.557813 0.361719 0.021875 0.048438
4 0.157031 0.596094 0.098437 0.110937
5 0.214062 0.349219 0.065625 0.129688
5 0.550781 0.417969 0.054688 0.151562
5 0.371875 0.410938 0.043750 0.103125
5 0.021094 0.451562 0.042188 0.103125
6 0.870313 0.700781 0.128125 0.042188
