2 0.950000 0.641406 0.078125 0.026562
2 0.235937 0.656250 0.206250 0.031250
2 0.753125 0.655469 0.034375 0.023438
2 0.581250 0.676562 0.093750 0.056250
2 0.041406 0.652344 0.035937 0.004687
2 0.400781 0.656250 0.085938 0.012500
2 0.512500 0.674219 0.028125 0.026562
4 0.907813 0.542188 0.021875 0.084375
4 0.466406 0.640625 0.067187 0.078125
4 0.059375 0.647656 0.081250 0.014063
5 0.964844 0.417969 0.067187 0.092188
5 0.635156 0.612500 0.029687 0.059375
5 0.926562 0.620313 0.037500 0.012500
5 0.796094 0.622656 0.017188 0.010937
8 0.118750 0.664062 0.237500 0.018750
8 0.296875 0.660156 0.043750 0.007812
