0 0.283594 0.771875 0.026562 0.084375
0 0.575781 0.761719 0.004687 0.029687
1 0.449219 0.784375 0.004687 0.037500
2 0.110937 0.763281 0.221875 0.089063
2 0.553906 0.766406 0.120313 0.095312
2 0.754687 0.767969 0.096875 0.082812
2 0.285156 0.767188 0.070312 0.071875
4 0.972656 0.514062 0.051562 0.159375
4 0.206250 0.687500 0.012500 0.028125
4 0.378125 0.790625 0.106250 0.081250
4 0.692187 0.778125 0.025000 0.021875
5 0.138281 0.383594 0.110937 0.345313
5 0.389844 0.562500 0.139063 0.306250
5 0.402344 0.696094 0.132812 0.164062
5 0.868750 0.685937 0.040625 0.037500
5 0.547656 0.704688 0.139063 0.062500
5 0.208594 0.736719 0.092188 0.067187
5 0.653906 0.716406 0.023438 0.026562
5 0.128906 0.726562 0.014063 0.037500
5 0.817969 0.776563 0.029687 0.062500
