0 0.696094 0.399219 0.017188 0.057813
0 0.559375 0.417187 0.071875 0.078125
0 0.857812 0.455469 0.050000 0.148438
0 0.179688 0.424219 0.059375 0.051562
0 0.010937 0.663281 0.021875 0.054688
2 0.782813 0.397656 0.153125 0.076563
2 0.294531 0.432812 0.076563 0.059375
2 0.114062 0.422656 0.009375 0.020313
5 0.245312 0.164062 0.009375 0.015625
5 0.080469 0.372656 0.057813 0.132812
5 0.359375 0.347656 0.012500 0.029687
6 0.592187 0.509375 0.159375 0.018750
6 0.796094 0.510156 0.039062 0.007812
6 0.957031 0.565625 0.067187 0.015625
7 0.575000 0.406250 0.009375 0.050000
7 0.067969 0.439063 0.135937 0.068750
7 0.028125 0.459375 0.056250 0.046875
