0 0.849219 0.669531 0.073438 0.120313
0 0.321875 0.677344 0.009375 0.048438
2 0.521875 0.692969 0.403125 0.123438
2 0.168750 0.723437 0.128125 0.146875
2 0.049219 0.726562 0.098437 0.106250
4 0.060156 0.417969 0.120313 0.501563
4 0.313281 0.614062 0.067187 0.093750
5 0.944531 0.589063 0.032813 0.059375
5 0.817969 0.596094 0.092188 0.051562
5 0.724219 0.603906 0.017188 0.039062
5 0.637500 0.609375 0.012500 0.034375
6 0.922656 0.698438 0.045312 0.006250
6 0.578125 0.813281 0.053125 0.010937
6 0.912500 0.862500 0.084375 0.018750
