0 0.764844 0.392969 0.029687 0.020313
0 0.270313 0.596875 0.065625 0.303125
0 0.477344 0.582812 0.079687 0.159375
0 0.538281 0.535937 0.010937 0.028125
0 0.726562 0.562500 0.040625 0.059375
0 0.979688 0.598437 0.034375 0.071875
1 0.973437 0.626563 0.050000 0.040625
2 0.358594 0.531250 0.135937 0.075000
2 0.865625 0.570312 0.209375 0.137500
2 0.590625 0.709375 0.315625 0.390625
5 0.154688 0.268750 0.193750 0.146875
5 0.353906 0.450781 0.117188 0.085938
5 0.528125 0.436719 0.175000 0.051562
5 0.786719 0.437500 0.289062 0.037500
