0 0.124219 0.553125 0.020313 0.109375
2 0.840625 0.497656 0.081250 0.117188
2 0.957031 0.487500 0.082812 0.081250
2 0.682813 0.468750 0.090625 0.028125
2 0.556250 0.496875 0.084375 0.053125
2 0.423438 0.519531 0.075000 0.064062
2 0.320312 0.531250 0.103125 0.071875
2 0.191406 0.542188 0.126562 0.078125
2 0.003125 0.564063 0.006250 0.050000
3 0.934375 0.514844 0.018750 0.032813
4 0.941406 0.430469 0.098437 0.107813
5 0.333594 0.264844 0.082812 0.307812
5 0.441406 0.303906 0.076563 0.229687
5 0.495312 0.327344 0.021875 0.176563
5 0.195312 0.350000 0.040625 0.065625
5 0.657031 0.391406 0.010937 0.085938
5 0.955469 0.396875 0.085938 0.096875
5 0.290625 0.482031 0.043750 0.060937
