0 0.574219 0.628906 0.010937 0.014063
0 0.015625 0.661719 0.012500 0.039062
2 0.918750 0.641406 0.159375 0.051562
2 0.174219 0.660937 0.317188 0.068750
2 0.761719 0.757031 0.217188 0.201563
2 0.580469 0.767969 0.123438 0.220312
3 0.705469 0.646875 0.073438 0.043750
3 0.394531 0.641406 0.007812 0.020313
3 0.155469 0.664844 0.045312 0.039062
3 0.513281 0.661719 0.045312 0.029687
4 0.420312 0.503125 0.287500 0.315625
4 0.910156 0.494531 0.176563 0.242188
5 0.774219 0.594531 0.020313 0.014063
5 0.164062 0.614844 0.009375 0.017188
5 0.476562 0.633594 0.006250 0.032813
6 0.754687 0.935937 0.081250 0.046875
7 0.370312 0.658594 0.009375 0.023438
