0 0.975000 0.838281 0.046875 0.320312
2 0.426563 0.731250 0.228125 0.071875
2 0.639844 0.751563 0.157812 0.087500
2 0.262500 0.761719 0.103125 0.095312
2 0.942969 0.786719 0.020313 0.098437
3 0.332031 0.747656 0.054688 0.048438
4 0.164062 0.530469 0.025000 0.060937
4 0.257812 0.704688 0.028125 0.031250
5 0.903125 0.636719 0.190625 0.164062
5 0.085156 0.607812 0.170313 0.084375
5 0.720313 0.623437 0.009375 0.037500
5 0.235937 0.655469 0.100000 0.048438
5 0.589063 0.693750 0.059375 0.068750
5 0.309375 0.678906 0.009375 0.017188
5 0.516406 0.714063 0.004687 0.021875
6 0.878125 0.926562 0.084375 0.025000
