0 0.025000 0.649219 0.012500 0.023438
0 0.135937 0.663281 0.009375 0.035937
0 0.336719 0.693750 0.017188 0.065625
2 0.060937 0.688281 0.121875 0.079687
2 0.450781 0.711719 0.095312 0.107813
2 0.141406 0.702344 0.029687 0.045312
2 0.566406 0.714844 0.057813 0.067187
2 0.966406 0.761719 0.064062 0.070312
4 0.513281 0.614844 0.245312 0.201563
5 0.891406 0.546094 0.007812 0.082812
5 0.381250 0.572656 0.040625 0.026562
5 0.674219 0.617188 0.126562 0.103125
5 0.864844 0.650781 0.267188 0.048438
5 0.733594 0.735156 0.010937 0.029687
5 0.143750 0.782031 0.053125 0.057813
6 0.041406 0.810156 0.082812 0.020313
