0 0.948438 0.758594 0.050000 0.098437
1 0.028906 0.675781 0.057813 0.167187
1 0.422656 0.797656 0.092188 0.242188
1 0.486719 0.715625 0.017188 0.040625
2 0.013281 0.556250 0.026562 0.100000
2 0.129688 0.583594 0.096875 0.120313
2 0.292969 0.612500 0.245312 0.128125
2 0.776563 0.772656 0.300000 0.289062
2 0.505469 0.657031 0.020313 0.020313
4 0.049219 0.456250 0.098437 0.100000
4 0.449219 0.575781 0.167187 0.148438
4 0.565625 0.630469 0.093750 0.104688
5 0.011719 0.489063 0.023438 0.031250
6 0.200000 0.713281 0.068750 0.014063
8 0.614844 0.809375 0.029687 0.093750
