0 0.462500 0.724219 0.103125 0.379688
0 0.006250 0.653125 0.012500 0.040625
2 0.362500 0.631250 0.103125 0.046875
2 0.064844 0.657813 0.014063 0.031250
4 0.601562 0.377344 0.012500 0.026562
4 0.412500 0.580469 0.046875 0.092188
4 0.072656 0.576562 0.014063 0.043750
5 0.256250 0.240625 0.156250 0.150000
5 0.717969 0.540625 0.060937 0.303125
5 0.661719 0.613281 0.032813 0.142187
5 0.230469 0.599219 0.085938 0.042188
5 0.041406 0.595313 0.076563 0.015625
6 0.307031 0.710938 0.032813 0.003125
7 0.596094 0.635938 0.098437 0.056250
7 0.077344 0.674219 0.017188 0.032813
