0 0.053125 0.167187 0.059375 0.053125
0 0.176563 0.189844 0.012500 0.042188
0 0.560937 0.282813 0.093750 0.178125
2 0.937500 0.268750 0.121875 0.259375
2 0.360938 0.209375 0.143750 0.046875
2 0.593750 0.246875 0.090625 0.018750
2 0.661719 0.256250 0.017188 0.009375
4 0.760938 0.202344 0.131250 0.404687
4 0.965625 0.075781 0.065625 0.151562
4 0.471875 0.185156 0.221875 0.157812
4 0.646094 0.222656 0.082812 0.064062
5 0.782031 0.107813 0.104688 0.215625
5 0.881250 0.040625 0.031250 0.081250
5 0.096875 0.067187 0.031250 0.031250
5 0.196875 0.122656 0.018750 0.142187
5 0.378906 0.123438 0.139063 0.112500
5 0.698438 0.137500 0.084375 0.125000
5 0.547656 0.226562 0.007812 0.021875
6 0.020313 0.252344 0.031250 0.014063
6 0.188281 0.274219 0.026562 0.007812
7 0.250781 0.196875 0.010937 0.012500
