0 0.042188 0.667969 0.021875 0.067187
0 0.891406 0.740625 0.101562 0.187500
0 0.960938 0.770312 0.075000 0.156250
1 0.650781 0.697656 0.007812 0.026562
2 0.457031 0.664844 0.145313 0.092188
2 0.989062 0.656250 0.018750 0.031250
2 0.748437 0.772656 0.150000 0.151562
2 0.573438 0.837500 0.150000 0.221875
3 0.485938 0.728906 0.018750 0.060937
4 0.132812 0.310156 0.015625 0.017188
5 0.821875 0.491406 0.162500 0.032813
5 0.582031 0.622656 0.395313 0.079687
5 0.799219 0.619531 0.117188 0.057813
5 0.994531 0.628125 0.007812 0.021875
6 0.351562 0.789844 0.096875 0.017188
