0 0.753125 0.742188 0.025000 0.106250
0 0.398438 0.756250 0.028125 0.106250
0 0.094531 0.760156 0.039062 0.089063
2 0.621875 0.723437 0.081250 0.028125
2 0.715625 0.723437 0.050000 0.025000
2 0.450781 0.741406 0.098437 0.054688
2 0.030469 0.757031 0.060937 0.070312
2 0.235156 0.753125 0.235937 0.062500
4 0.500000 0.673438 0.165625 0.146875
4 0.295312 0.674219 0.109375 0.104688
4 0.157812 0.692187 0.075000 0.125000
5 0.452344 0.588281 0.007812 0.045312
5 0.800781 0.653125 0.085938 0.056250
5 0.656250 0.713281 0.059375 0.067187
6 0.434375 0.786719 0.028125 0.004687
6 0.243750 0.793750 0.040625 0.006250
