0 0.783594 0.746875 0.114062 0.443750
0 0.109375 0.710156 0.078125 0.245312
0 0.521875 0.691406 0.128125 0.157812
0 0.613281 0.710938 0.045312 0.184375
0 0.272656 0.673438 0.042188 0.090625
0 0.199219 0.666406 0.014063 0.051562
2 0.366406 0.748437 0.242188 0.306250
3 0.231250 0.674219 0.050000 0.054688
4 0.596875 0.057813 0.068750 0.115625
4 0.197656 0.160938 0.045312 0.090625
4 0.487500 0.578125 0.118750 0.231250
4 0.258594 0.617969 0.035937 0.060937
5 0.971094 0.198437 0.054688 0.096875
5 0.943750 0.299219 0.090625 0.089063
