0 0.891406 0.746094 0.010937 0.017188
2 0.202344 0.782813 0.229687 0.196875
2 0.800781 0.787500 0.395313 0.171875
2 0.391406 0.744531 0.095312 0.070312
4 0.965625 0.303906 0.065625 0.492188
4 0.758594 0.575000 0.167187 0.262500
5 0.364844 0.510938 0.092188 0.306250
5 0.140625 0.576562 0.281250 0.118750
5 0.316406 0.643750 0.067187 0.090625
5 0.084375 0.678125 0.168750 0.118750
5 0.488281 0.661719 0.017188 0.032813
5 0.633594 0.686719 0.048438 0.082812
6 0.610938 0.985938 0.128125 0.025000
8 0.746094 0.864844 0.504687 0.267188
