0 0.887500 0.637500 0.031250 0.037500
0 0.322656 0.764844 0.032813 0.095312
0 0.023438 0.792188 0.046875 0.137500
0 0.139844 0.782031 0.057813 0.117188
2 0.318750 0.773438 0.143750 0.084375
2 0.486719 0.764062 0.148438 0.056250
2 0.198437 0.786719 0.071875 0.076563
4 0.943750 0.169531 0.109375 0.339062
4 0.300781 0.596875 0.064062 0.184375
4 0.684375 0.660156 0.012500 0.070312
4 0.078125 0.821094 0.081250 0.029687
4 0.017188 0.827344 0.012500 0.023438
5 0.771875 0.651563 0.037500 0.031250
5 0.678906 0.707031 0.026562 0.023438
6 0.255469 0.892969 0.073438 0.014063
