1 0.896094 0.797656 0.017188 0.032813
2 0.466406 0.734375 0.523438 0.528125
2 0.172656 0.747656 0.098437 0.060937
2 0.773438 0.785937 0.109375 0.087500
4 0.903906 0.621875 0.189062 0.240625
4 0.090625 0.678906 0.134375 0.285938
4 0.357812 0.595313 0.096875 0.075000
4 0.914062 0.771094 0.028125 0.064062
5 0.264844 0.396875 0.120313 0.131250
5 0.247656 0.503906 0.142187 0.160938
5 0.314063 0.477344 0.012500 0.029687
5 0.760156 0.728906 0.117188 0.060937
5 0.975781 0.769531 0.045312 0.076563
6 0.063281 0.981250 0.101562 0.018750
7 0.160938 0.792969 0.081250 0.092188
