0 0.947656 0.749219 0.026562 0.120313
1 0.933594 0.751563 0.004687 0.034375
2 0.078906 0.668750 0.157812 0.093750
2 0.280469 0.676562 0.229687 0.109375
2 0.516406 0.692187 0.120313 0.081250
2 0.760156 0.719531 0.170313 0.082812
2 0.891406 0.709375 0.079687 0.059375
3 0.128125 0.690625 0.093750 0.068750
3 0.457031 0.693750 0.020313 0.053125
3 0.892969 0.735938 0.064062 0.034375
4 0.867188 0.355469 0.262500 0.710938
4 0.568750 0.655469 0.053125 0.060937
5 0.686719 0.543750 0.045312 0.046875
5 0.256250 0.592969 0.171875 0.042188
5 0.371094 0.594531 0.010937 0.026562
5 0.792188 0.649219 0.081250 0.073438
5 0.665625 0.637500 0.034375 0.018750
