0 0.763281 0.628906 0.045312 0.057813
0 0.292187 0.634375 0.006250 0.028125
2 0.892188 0.633594 0.212500 0.098437
2 0.690625 0.619531 0.062500 0.026562
2 0.472656 0.639844 0.142187 0.045312
2 0.105469 0.647656 0.107813 0.042188
2 0.011719 0.753906 0.023438 0.085938
4 0.718750 0.532813 0.059375 0.153125
4 0.621875 0.583594 0.068750 0.101562
4 0.075781 0.578125 0.151562 0.078125
4 0.275781 0.603125 0.157812 0.078125
4 0.166406 0.604688 0.023438 0.031250
5 0.664062 0.532031 0.056250 0.048438
5 0.460156 0.571875 0.010937 0.009375
5 0.347656 0.609375 0.073438 0.025000
5 0.003906 0.625781 0.007812 0.035937
6 0.909375 0.815625 0.109375 0.037500
