0 0.059375 0.311719 0.078125 0.048438
0 0.110937 0.311719 0.012500 0.042188
0 0.530469 0.375000 0.007812 0.075000
0 0.982812 0.484375 0.015625 0.084375
1 0.531250 0.393750 0.053125 0.037500
2 0.624219 0.395313 0.104688 0.193750
2 0.493750 0.375000 0.021875 0.031250
2 0.768750 0.443750 0.156250 0.168750
2 0.963281 0.464844 0.070312 0.045312
3 0.910937 0.483594 0.134375 0.048438
3 0.989062 0.498437 0.012500 0.031250
4 0.010156 0.298438 0.020313 0.021875
4 0.409375 0.331250 0.087500 0.040625
4 0.988281 0.400781 0.020313 0.057813
5 0.326562 0.295312 0.040625 0.059375
5 0.435937 0.330469 0.009375 0.042188
5 0.912500 0.389062 0.043750 0.100000
