2 0.442188 0.570312 0.278125 0.271875
2 0.670312 0.475000 0.093750 0.059375
3 0.523438 0.468750 0.009375 0.015625
4 0.906250 0.272656 0.184375 0.517188
4 0.603906 0.410156 0.189062 0.135937
4 0.780469 0.417969 0.067187 0.132812
4 0.254688 0.418750 0.012500 0.025000
5 0.127344 0.027344 0.073438 0.054688
5 0.223438 0.310937 0.206250 0.250000
5 0.491406 0.234375 0.023438 0.043750
5 0.346094 0.310156 0.014063 0.029687
5 0.559375 0.384375 0.012500 0.106250
5 0.715625 0.403906 0.050000 0.054688
6 0.950000 0.799219 0.096875 0.054688
