0 0.083594 0.501563 0.167187 0.415625
0 0.231250 0.517969 0.012500 0.123438
0 0.855469 0.475781 0.007812 0.032813
0 0.431250 0.500781 0.053125 0.079687
0 0.011719 0.732031 0.023438 0.026562
2 0.702344 0.475781 0.295312 0.167187
2 0.922656 0.482812 0.114062 0.093750
2 0.510938 0.505469 0.028125 0.032813
4 0.867188 0.252344 0.262500 0.504687
4 0.639062 0.430469 0.093750 0.095312
5 0.218750 0.351562 0.196875 0.359375
5 0.376563 0.430469 0.015625 0.026562
5 0.476562 0.457031 0.009375 0.017188
6 0.521875 0.637500 0.046875 0.009375
6 0.884375 0.679688 0.228125 0.040625
7 0.482812 0.508594 0.009375 0.023438
