0 0.963281 0.668750 0.048438 0.196875
0 0.483594 0.604688 0.020313 0.037500
2 0.658594 0.636719 0.270313 0.154688
2 0.423438 0.618750 0.209375 0.068750
2 0.939844 0.618750 0.117188 0.050000
2 0.251563 0.625781 0.050000 0.060937
2 0.064062 0.661719 0.128125 0.123438
3 0.278125 0.650781 0.034375 0.070312
4 0.732812 0.497656 0.162500 0.170313
4 0.448437 0.460156 0.015625 0.023438
4 0.416406 0.532031 0.264062 0.132812
4 0.047656 0.535156 0.095312 0.114062
5 0.931250 0.459375 0.090625 0.165625
5 0.842969 0.475781 0.064062 0.148438
8 0.262500 0.941406 0.021875 0.010937
