0 0.512500 0.590625 0.009375 0.040625
0 0.723437 0.598437 0.078125 0.056250
0 0.326562 0.589844 0.056250 0.029687
0 0.654687 0.600000 0.025000 0.040625
2 0.442188 0.592969 0.025000 0.020313
2 0.577344 0.608594 0.035937 0.035937
3 0.579688 0.626563 0.009375 0.028125
4 0.146875 0.521094 0.068750 0.032813
4 0.492188 0.560937 0.065625 0.050000
4 0.400000 0.570312 0.031250 0.037500
4 0.023438 0.609375 0.028125 0.031250
5 0.838281 0.517188 0.076563 0.075000
5 0.460156 0.549219 0.095312 0.079687
5 0.320312 0.538281 0.050000 0.048438
5 0.720313 0.549219 0.143750 0.051562
5 0.578125 0.551562 0.012500 0.009375
7 0.828906 0.612500 0.023438 0.031250
