0 0.691406 0.783594 0.007812 0.023438
2 0.057031 0.803125 0.114062 0.206250
2 0.209375 0.825781 0.153125 0.170313
2 0.439063 0.847656 0.212500 0.210938
2 0.703125 0.807813 0.171875 0.093750
3 0.767188 0.880469 0.168750 0.189062
4 0.203906 0.627344 0.232813 0.332813
4 0.016406 0.522656 0.032813 0.070312
4 0.894531 0.696094 0.207813 0.289062
4 0.528906 0.751563 0.007812 0.025000
5 0.042969 0.424219 0.085938 0.126562
5 0.327344 0.685156 0.017188 0.085938
5 0.930469 0.692969 0.123438 0.057813
5 0.828125 0.717969 0.028125 0.035937
8 0.240625 0.911719 0.340625 0.173437
