0 0.631250 0.261719 0.065625 0.092188
0 0.528125 0.264062 0.018750 0.078125
0 0.076563 0.248438 0.040625 0.034375
1 0.810156 0.264844 0.020313 0.026562
1 0.397656 0.271875 0.070312 0.037500
1 0.481250 0.337500 0.028125 0.068750
2 0.192188 0.246875 0.071875 0.018750
2 0.030469 0.270313 0.060937 0.059375
2 0.749219 0.260156 0.135937 0.039062
2 0.651563 0.262500 0.040625 0.037500
4 0.453906 0.216406 0.054688 0.070312
4 0.332813 0.211719 0.062500 0.051562
5 0.692187 0.029687 0.015625 0.031250
5 0.614844 0.188281 0.076563 0.120313
5 0.680469 0.153906 0.014063 0.048438
5 0.512500 0.185938 0.075000 0.059375
5 0.821094 0.168750 0.042188 0.025000
5 0.010937 0.255469 0.021875 0.092188
6 0.991406 0.478906 0.014063 0.010937
6 0.011719 0.492188 0.023438 0.015625
7 0.570312 0.250781 0.012500 0.023438
