2 0.132031 0.721875 0.264062 0.262500
2 0.444531 0.669531 0.135937 0.064062
2 0.857031 0.732031 0.201563 0.160938
2 0.523438 0.664844 0.012500 0.020313
3 0.957031 0.800000 0.082812 0.128125
4 0.603125 0.478906 0.237500 0.414062
4 0.813281 0.594531 0.017188 0.132812
5 0.146875 0.068750 0.078125 0.137500
5 0.070312 0.251563 0.028125 0.365625
5 0.385156 0.366406 0.089063 0.273438
5 0.205469 0.535156 0.104688 0.192188
5 0.269531 0.517188 0.042188 0.112500
5 0.440625 0.546094 0.034375 0.101562
5 0.100000 0.574219 0.034375 0.032813
5 0.421875 0.637500 0.050000 0.062500
