0 0.606250 0.638281 0.093750 0.035937
0 0.858594 0.653125 0.070312 0.059375
0 0.432812 0.651563 0.075000 0.053125
0 0.321094 0.660156 0.132812 0.067187
0 0.942969 0.639062 0.014063 0.012500
0 0.128906 0.669531 0.104688 0.070312
1 0.121094 0.855469 0.082812 0.198437
1 0.046875 0.931250 0.090625 0.134375
2 0.838281 0.747656 0.320312 0.285938
2 0.569531 0.750781 0.173437 0.254688
3 0.839063 0.658594 0.034375 0.029687
3 0.231250 0.719531 0.087500 0.114062
3 0.453125 0.815625 0.068750 0.165625
3 0.550000 0.839063 0.096875 0.134375
4 0.848437 0.432812 0.300000 0.440625
4 0.010156 0.398438 0.020313 0.171875
5 0.727344 0.553906 0.023438 0.076563
5 0.118750 0.557031 0.237500 0.048438
5 0.371875 0.580469 0.171875 0.064062
5 0.874219 0.585938 0.064062 0.040625
5 0.557813 0.602344 0.050000 0.020313
6 0.438281 0.975781 0.104688 0.045312
7 0.056250 0.692187 0.012500 0.031250
