0 0.830469 0.725000 0.032813 0.150000
0 0.050000 0.735938 0.037500 0.037500
0 0.493750 0.761719 0.015625 0.045312
0 0.639844 0.772656 0.045312 0.060937
2 0.064062 0.739844 0.128125 0.045312
2 0.175000 0.760156 0.071875 0.057813
2 0.321875 0.756250 0.025000 0.021875
4 0.466406 0.735156 0.245312 0.129688
4 0.316406 0.740625 0.132812 0.043750
4 0.746875 0.782813 0.112500 0.071875
5 0.793750 0.419531 0.078125 0.035937
5 0.688281 0.457813 0.045312 0.062500
5 0.764062 0.614844 0.190625 0.057813
5 0.217969 0.711719 0.085938 0.098437
5 0.557813 0.726562 0.056250 0.078125
5 0.332813 0.739844 0.078125 0.023438
6 0.669531 0.823438 0.032813 0.006250
6 0.981250 0.904687 0.034375 0.028125
7 0.670312 0.782031 0.009375 0.064062
