0 0.155469 0.537500 0.126562 0.293750
0 0.807813 0.517188 0.015625 0.056250
0 0.953906 0.532813 0.045312 0.087500
1 0.587500 0.507812 0.009375 0.028125
2 0.497656 0.504687 0.110937 0.078125
2 0.660937 0.513281 0.068750 0.051562
3 0.728906 0.525000 0.039062 0.050000
4 0.807031 0.406250 0.123438 0.062500
5 0.939063 0.342187 0.062500 0.043750
5 0.829688 0.359375 0.025000 0.046875
5 0.689844 0.420312 0.101562 0.071875
5 0.452344 0.436719 0.145313 0.051562
6 0.457813 0.570312 0.153125 0.021875
6 0.746875 0.673438 0.084375 0.018750
