0 0.930469 0.288281 0.020313 0.073438
0 0.841406 0.289062 0.029687 0.062500
0 0.392969 0.287500 0.095312 0.053125
0 0.027344 0.276562 0.023438 0.012500
2 0.819531 0.284375 0.020313 0.031250
2 0.335156 0.282813 0.020313 0.021875
2 0.554688 0.280469 0.118750 0.017188
2 0.646094 0.293750 0.057813 0.043750
2 0.163281 0.288281 0.029687 0.014063
3 0.731250 0.287500 0.015625 0.015625
3 0.169531 0.364844 0.104688 0.117188
4 0.961719 0.140625 0.073438 0.281250
4 0.117188 0.160938 0.234375 0.312500
4 0.725000 0.311719 0.062500 0.035937
5 0.571094 0.251563 0.029687 0.015625
