0 0.395313 0.325000 0.078125 0.081250
0 0.325781 0.367969 0.029687 0.132812
0 0.176563 0.370312 0.103125 0.121875
0 0.719531 0.389062 0.023438 0.106250
0 0.947656 0.378125 0.023438 0.075000
2 0.487500 0.403906 0.240625 0.185938
2 0.745313 0.339062 0.125000 0.056250
2 0.934375 0.364844 0.128125 0.076563
4 0.130469 0.217188 0.260937 0.434375
4 0.639062 0.246875 0.103125 0.137500
5 0.364844 0.170313 0.220312 0.193750
5 0.443750 0.207031 0.090625 0.129688
5 0.807031 0.203906 0.207813 0.104688
5 0.675000 0.249219 0.128125 0.082812
5 0.339844 0.246094 0.095312 0.054688
5 0.535937 0.250781 0.012500 0.017188
5 0.889062 0.318750 0.106250 0.112500
5 0.439844 0.296094 0.057813 0.048438
6 0.787500 0.558594 0.068750 0.014063
8 0.807813 0.750781 0.331250 0.495312
