0 0.812500 0.572656 0.006250 0.026562
0 0.979688 0.611719 0.037500 0.057813
2 0.077344 0.607812 0.154688 0.225000
2 0.248438 0.557031 0.109375 0.107813
2 0.462500 0.562500 0.253125 0.075000
2 0.810937 0.643750 0.375000 0.184375
2 0.789844 0.568750 0.007812 0.015625
2 0.968750 0.601562 0.059375 0.037500
3 0.437500 0.546094 0.012500 0.017188
4 0.052344 0.451562 0.104688 0.115625
4 0.241406 0.473438 0.276562 0.109375
4 0.461719 0.517188 0.160938 0.046875
5 0.289844 0.436719 0.126562 0.132812
5 0.428906 0.503906 0.095312 0.032813
5 0.661719 0.528906 0.092188 0.054688
