0 0.335156 0.474219 0.023438 0.029687
2 0.132031 0.593750 0.264062 0.284375
2 0.472656 0.652344 0.489063 0.335938
2 0.894531 0.685937 0.207813 0.365625
3 0.760156 0.558594 0.104688 0.142187
3 0.600000 0.512500 0.012500 0.028125
4 0.784375 0.102344 0.056250 0.204687
4 0.228125 0.356250 0.084375 0.150000
5 0.814844 0.297656 0.176563 0.185938
5 0.957812 0.334375 0.081250 0.100000
5 0.139063 0.296094 0.034375 0.014063
5 0.246875 0.404687 0.075000 0.106250
5 0.687500 0.419531 0.090625 0.064062
5 0.502344 0.471094 0.060937 0.042188
5 0.418750 0.476562 0.006250 0.018750
