0 0.275781 0.607812 0.054688 0.031250
0 0.507031 0.610156 0.010937 0.017188
0 0.350781 0.620313 0.007812 0.028125
2 0.750781 0.607812 0.239063 0.100000
2 0.423438 0.610938 0.071875 0.078125
2 0.903125 0.600781 0.034375 0.020313
2 0.550000 0.605469 0.037500 0.023438
2 0.007812 0.635938 0.015625 0.025000
4 0.914062 0.442188 0.168750 0.371875
4 0.715625 0.470313 0.375000 0.296875
4 0.496094 0.506250 0.060937 0.146875
4 0.680469 0.617969 0.035937 0.020313
8 0.285156 0.626563 0.207813 0.021875
8 0.139844 0.632031 0.017188 0.017188
