0 0.386719 0.695312 0.014063 0.090625
0 0.052344 0.670312 0.014063 0.037500
0 0.881250 0.689844 0.006250 0.023438
0 0.270313 0.728906 0.015625 0.039062
2 0.162500 0.686719 0.015625 0.060937
2 0.556250 0.696875 0.065625 0.071875
2 0.306250 0.682031 0.028125 0.035937
2 0.899219 0.696094 0.101562 0.029687
4 0.064844 0.151562 0.129688 0.303125
4 0.492969 0.114062 0.032813 0.012500
4 0.060937 0.487500 0.121875 0.365625
4 0.255469 0.503906 0.010937 0.089063
4 0.306250 0.657813 0.012500 0.015625
5 0.120313 0.614062 0.012500 0.028125
7 0.343750 0.707812 0.028125 0.059375
