2 0.058594 0.787500 0.117188 0.106250
2 0.502344 0.792969 0.070312 0.076563
2 0.921875 0.811719 0.109375 0.089063
4 0.828125 0.691406 0.178125 0.157812
4 0.367969 0.714844 0.073438 0.101562
4 0.502344 0.737500 0.101562 0.068750
4 0.160938 0.778125 0.028125 0.012500
5 0.260937 0.396094 0.478125 0.189062
5 0.787500 0.396875 0.421875 0.175000
5 0.317188 0.476562 0.009375 0.015625
5 0.667188 0.487500 0.012500 0.015625
5 0.846875 0.492969 0.012500 0.017188
8 0.171875 0.809375 0.343750 0.096875
8 0.611719 0.815625 0.164062 0.109375
8 0.408594 0.817187 0.107813 0.096875
8 0.853125 0.832812 0.290625 0.100000
