0 0.116406 0.498437 0.089063 0.068750
0 0.409375 0.535156 0.131250 0.135937
0 0.533594 0.531250 0.095312 0.118750
0 0.217188 0.507812 0.025000 0.059375
0 0.675000 0.533594 0.062500 0.110937
1 0.022656 0.508594 0.045312 0.032813
1 0.432812 0.559375 0.018750 0.068750
4 0.078906 0.411719 0.026562 0.020313
4 0.424219 0.463281 0.098437 0.054688
5 0.878906 0.505469 0.107813 0.429688
5 0.040625 0.424219 0.050000 0.104688
5 0.855469 0.510156 0.051562 0.207813
5 0.702344 0.541406 0.039062 0.214062
5 0.781250 0.532031 0.028125 0.067187
5 0.614062 0.538281 0.003125 0.060937
5 0.139063 0.739062 0.046875 0.315625
5 0.042969 0.797656 0.085938 0.401562
6 0.300000 0.576562 0.028125 0.006250
7 0.303906 0.523438 0.039062 0.103125
