0 0.185156 0.717969 0.095312 0.067187
0 0.016406 0.763281 0.029687 0.110937
2 0.558594 0.789062 0.298438 0.159375
2 0.989844 0.725781 0.017188 0.020313
4 0.160938 0.282031 0.178125 0.167187
4 0.293750 0.388281 0.034375 0.029687
4 0.836719 0.620313 0.239063 0.218750
4 0.485938 0.664844 0.131250 0.167187
4 0.187500 0.752344 0.228125 0.092188
5 0.017188 0.271094 0.034375 0.035937
5 0.539844 0.437500 0.257812 0.134375
5 0.961719 0.388281 0.073438 0.032813
5 0.249219 0.571875 0.051562 0.131250
5 0.741406 0.592187 0.035937 0.046875
5 0.545312 0.665625 0.015625 0.015625
8 0.764062 0.729688 0.143750 0.031250
