0 0.968750 0.510938 0.050000 0.146875
0 0.675781 0.520312 0.095312 0.078125
0 0.539062 0.536719 0.046875 0.060937
0 0.395313 0.548438 0.078125 0.081250
0 0.285938 0.540625 0.025000 0.031250
0 0.133594 0.550000 0.039062 0.043750
1 0.895312 0.517188 0.084375 0.068750
1 0.830469 0.510938 0.023438 0.034375
1 0.680469 0.536719 0.042188 0.042188
1 0.371094 0.574219 0.020313 0.029687
2 0.157031 0.599219 0.314063 0.151562
3 0.409375 0.563281 0.215625 0.082812
4 0.667188 0.362500 0.225000 0.478125
4 0.946094 0.472656 0.014063 0.042188
5 0.560937 0.495312 0.118750 0.121875
5 0.176563 0.488281 0.012500 0.017188
5 0.540625 0.546875 0.009375 0.031250
5 0.027344 0.548438 0.039062 0.031250
6 0.515625 0.762500 0.118750 0.034375
7 0.878906 0.492188 0.010937 0.021875
