0 0.153125 0.510938 0.009375 0.025000
2 0.075781 0.639844 0.151562 0.289062
2 0.245312 0.514062 0.165625 0.034375
2 0.468750 0.515625 0.018750 0.028125
2 0.813281 0.768750 0.370312 0.450000
4 0.507031 0.425000 0.107813 0.178125
4 0.046094 0.425781 0.042188 0.164062
4 0.225000 0.426563 0.128125 0.165625
5 0.592187 0.444531 0.068750 0.085938
5 0.744531 0.417187 0.004687 0.021875
5 0.422656 0.500781 0.123438 0.095312
5 0.300000 0.489063 0.062500 0.025000
5 0.856250 0.503125 0.015625 0.050000
5 0.628125 0.509375 0.018750 0.040625
7 0.666406 0.528125 0.076563 0.100000
8 0.238281 0.732812 0.476562 0.390625
