0 0.902344 0.663281 0.039062 0.173437
0 0.695312 0.646875 0.078125 0.106250
2 0.803906 0.631250 0.132812 0.096875
2 0.274219 0.678125 0.385937 0.168750
2 0.039844 0.682813 0.079687 0.112500
4 0.896875 0.267969 0.040625 0.026562
4 0.687500 0.479687 0.075000 0.240625
4 0.578125 0.517969 0.140625 0.314063
4 0.071875 0.521875 0.143750 0.121875
5 0.671094 0.287500 0.098437 0.106250
5 0.626563 0.513281 0.115625 0.276562
5 0.592969 0.544531 0.042188 0.079687
5 0.900781 0.610938 0.060937 0.137500
7 0.492969 0.660937 0.010937 0.040625
