0 0.079687 0.600781 0.015625 0.051562
1 0.957812 0.667188 0.081250 0.203125
2 0.399219 0.125781 0.010937 0.039062
2 0.858594 0.664844 0.279687 0.285938
2 0.473438 0.653906 0.293750 0.220312
2 0.011719 0.600000 0.023438 0.046875
2 0.181250 0.614062 0.150000 0.059375
2 0.994531 0.646094 0.007812 0.032813
4 0.803906 0.504687 0.389062 0.253125
4 0.295312 0.535156 0.112500 0.151562
4 0.015625 0.578906 0.031250 0.132812
5 0.159375 0.504687 0.084375 0.040625
5 0.290625 0.558594 0.009375 0.029687
5 0.630469 0.561719 0.007812 0.026562
6 0.254688 0.690625 0.115625 0.075000
