0 0.711719 0.627344 0.023438 0.126562
0 0.247656 0.627344 0.064062 0.092188
0 0.058594 0.625781 0.098437 0.051562
0 0.517969 0.629687 0.010937 0.050000
2 0.510156 0.617188 0.070312 0.034375
2 0.418750 0.647656 0.078125 0.085938
2 0.092188 0.635156 0.065625 0.026562
4 0.503906 0.542188 0.079687 0.146875
5 0.772656 0.200781 0.135937 0.201563
5 0.589844 0.589063 0.092188 0.237500
5 0.425000 0.569531 0.028125 0.039062
5 0.115625 0.603906 0.090625 0.089063
5 0.237500 0.570312 0.043750 0.021875
5 0.330469 0.607812 0.007812 0.087500
7 0.167187 0.638281 0.018750 0.007812
