0 0.403125 0.501563 0.050000 0.121875
2 0.185156 0.598437 0.370312 0.343750
2 0.467969 0.474219 0.042188 0.039062
4 0.585156 0.491406 0.023438 0.035937
5 0.203906 0.050000 0.189062 0.100000
5 0.734375 0.172656 0.037500 0.057813
5 0.665625 0.243750 0.068750 0.153125
5 0.456250 0.225000 0.081250 0.100000
5 0.192969 0.236719 0.126562 0.026562
5 0.855469 0.423438 0.023438 0.271875
5 0.415625 0.337500 0.046875 0.034375
5 0.244531 0.400000 0.267188 0.131250
5 0.559375 0.396875 0.006250 0.081250
6 0.405469 0.612500 0.039062 0.009375
