0 0.175781 0.582812 0.020313 0.065625
0 0.361719 0.598437 0.089063 0.062500
1 0.304688 0.621094 0.009375 0.042188
2 0.462500 0.626563 0.115625 0.112500
2 0.880469 0.687500 0.235937 0.171875
4 0.047656 0.118750 0.095312 0.106250
4 0.157812 0.435937 0.315625 0.553125
4 0.401562 0.553906 0.081250 0.092188
4 0.796094 0.614844 0.067187 0.045312
4 0.715625 0.636719 0.028125 0.076563
5 0.375781 0.099219 0.026562 0.198437
5 0.659375 0.028125 0.125000 0.056250
5 0.383594 0.409375 0.017188 0.137500
5 0.771875 0.513281 0.146875 0.051562
5 0.614062 0.533594 0.100000 0.082812
5 0.334375 0.543750 0.071875 0.075000
5 0.700000 0.588281 0.106250 0.060937
5 0.971875 0.605469 0.009375 0.023438
