0 0.670312 0.598437 0.018750 0.109375
0 0.389844 0.607812 0.010937 0.037500
2 0.169531 0.732812 0.339062 0.356250
2 0.623437 0.606250 0.056250 0.078125
2 0.409375 0.600781 0.031250 0.023438
4 0.934375 0.083594 0.106250 0.167187
4 0.996094 0.029687 0.004687 0.059375
4 0.561719 0.401562 0.226562 0.481250
5 0.327344 0.227344 0.070312 0.117188
5 0.327344 0.400000 0.039062 0.021875
5 0.135937 0.520312 0.003125 0.056250
5 0.569531 0.549219 0.014063 0.010937
5 0.333594 0.600000 0.020313 0.018750
6 0.449219 0.739062 0.151562 0.065625
6 0.443750 0.944531 0.171875 0.060937
