0 0.090625 0.556250 0.021875 0.043750
0 0.775781 0.631250 0.029687 0.159375
0 0.945312 0.617969 0.106250 0.132812
2 0.303906 0.577344 0.242188 0.095312
2 0.035937 0.606250 0.071875 0.150000
2 0.516406 0.589844 0.170313 0.095312
2 0.727344 0.564063 0.195312 0.043750
2 0.857812 0.564844 0.012500 0.032813
4 0.647656 0.436719 0.154688 0.251563
4 0.596094 0.489844 0.070312 0.176563
4 0.784375 0.501563 0.162500 0.106250
5 0.531250 0.262500 0.015625 0.018750
5 0.914062 0.365625 0.068750 0.134375
5 0.492188 0.433594 0.078125 0.107813
5 0.575781 0.450781 0.010937 0.092188
5 0.914062 0.467187 0.040625 0.050000
5 0.796875 0.485156 0.028125 0.057813
6 0.745313 0.707031 0.034375 0.014063
