0 0.942187 0.790625 0.112500 0.415625
0 0.539844 0.671094 0.067187 0.148438
0 0.714844 0.801562 0.082812 0.393750
0 0.446875 0.802344 0.078125 0.392188
0 0.632031 0.764844 0.070312 0.267188
0 0.790625 0.703906 0.053125 0.126562
2 0.346094 0.689063 0.117188 0.171875
4 0.339062 0.348438 0.165625 0.521875
4 0.478125 0.439844 0.100000 0.314063
4 0.371094 0.768750 0.004687 0.175000
5 0.715625 0.393750 0.106250 0.128125
5 0.720313 0.517969 0.250000 0.167187
5 0.819531 0.596094 0.079687 0.173437
5 0.164062 0.560937 0.071875 0.081250
5 0.031250 0.535937 0.043750 0.021875
5 0.575781 0.569531 0.045312 0.064062
5 0.242969 0.564063 0.010937 0.012500
8 0.144531 0.682813 0.289062 0.065625
