0 0.016406 0.475000 0.029687 0.043750
0 0.433594 0.498437 0.004687 0.037500
0 0.659375 0.510156 0.071875 0.057813
1 0.644531 0.546094 0.010937 0.039062
2 0.113281 0.485938 0.170313 0.065625
2 0.343750 0.489844 0.090625 0.029687
2 0.522656 0.575781 0.142187 0.176563
3 0.600000 0.557813 0.015625 0.053125
4 0.203125 0.398438 0.196875 0.187500
4 0.689844 0.393750 0.145313 0.115625
4 0.498437 0.465625 0.103125 0.050000
5 0.893750 0.355469 0.209375 0.092188
5 0.066406 0.368750 0.132812 0.071875
5 0.620313 0.417969 0.065625 0.082812
5 0.765625 0.429688 0.150000 0.106250
5 0.339062 0.433594 0.043750 0.060937
5 0.418750 0.443750 0.015625 0.028125
