0 0.722656 0.596094 0.014063 0.035937
2 0.490625 0.584375 0.093750 0.009375
2 0.085156 0.590625 0.123438 0.009375
2 0.664844 0.601562 0.089063 0.031250
2 0.597656 0.609375 0.020313 0.021875
2 0.217188 0.653906 0.434375 0.092188
5 0.200000 0.545312 0.090625 0.056250
5 0.900781 0.534375 0.017188 0.031250
5 0.088281 0.563281 0.110937 0.060937
5 0.775781 0.546875 0.014063 0.028125
5 0.531250 0.574219 0.021875 0.020313
8 0.994531 0.648438 0.007812 0.062500
8 0.300000 0.722656 0.446875 0.107813
8 0.850781 0.861719 0.295312 0.273438
