0 0.702344 0.393750 0.089063 0.050000
0 0.828125 0.428906 0.015625 0.057813
0 0.373437 0.549219 0.040625 0.192188
0 0.223438 0.783594 0.043750 0.229687
2 0.549219 0.453125 0.167187 0.153125
2 0.702344 0.535156 0.129688 0.295312
2 0.817969 0.550000 0.076563 0.243750
3 0.496094 0.547656 0.020313 0.082812
4 0.552344 0.144531 0.039062 0.129688
4 0.789844 0.384375 0.032813 0.068750
5 0.832812 0.246875 0.331250 0.493750
5 0.953906 0.141406 0.064062 0.076563
5 0.078906 0.392188 0.157812 0.306250
5 0.618750 0.308594 0.087500 0.054688
5 0.493750 0.312500 0.012500 0.018750
5 0.249219 0.403125 0.182812 0.159375
5 0.394531 0.355469 0.057813 0.064062
5 0.710938 0.334375 0.009375 0.012500
5 0.799219 0.419531 0.014063 0.039062
6 0.954688 0.642969 0.046875 0.014063
6 0.244531 0.934375 0.060937 0.043750
7 0.896094 0.472656 0.023438 0.010937
8 0.856250 0.681250 0.284375 0.043750
8 0.492969 0.740625 0.223438 0.046875
8 0.936719 0.903906 0.123438 0.026562
8 0.610156 0.971875 0.195312 0.046875
