0 0.748437 0.635938 0.028125 0.046875
2 0.224219 0.627344 0.235937 0.057813
2 0.433594 0.628125 0.082812 0.059375
2 0.039844 0.620313 0.079687 0.037500
2 0.663281 0.634375 0.054688 0.043750
2 0.916406 0.655469 0.164062 0.064062
4 0.855469 0.482031 0.285938 0.351562
4 0.700000 0.512500 0.037500 0.121875
4 0.877344 0.628125 0.042188 0.090625
5 0.044531 0.517969 0.089063 0.095312
5 0.524219 0.544531 0.048438 0.129688
5 0.186719 0.541406 0.154688 0.095312
5 0.321875 0.528125 0.006250 0.015625
5 0.077344 0.579688 0.020313 0.012500
5 0.437500 0.593750 0.078125 0.040625
5 0.855469 0.584375 0.010937 0.015625
5 0.642188 0.591406 0.025000 0.004687
8 0.645312 0.643750 0.137500 0.021875
