0 0.972656 0.276562 0.035937 0.031250
0 0.242188 0.353906 0.056250 0.170313
0 0.150000 0.385156 0.062500 0.210938
0 0.642188 0.314063 0.121875 0.065625
2 0.818750 0.292969 0.190625 0.157812
2 0.981250 0.330469 0.034375 0.092188
2 0.610938 0.372656 0.306250 0.145313
2 0.086719 0.433594 0.173437 0.210938
4 0.721094 0.246875 0.092188 0.078125
4 0.408594 0.300000 0.026562 0.025000
4 0.203125 0.314844 0.031250 0.017188
5 0.479687 0.032813 0.037500 0.065625
5 0.252344 0.141406 0.148438 0.026562
5 0.621875 0.240625 0.128125 0.159375
5 0.955469 0.239063 0.039062 0.103125
5 0.446875 0.349219 0.043750 0.082812
6 0.392188 0.458594 0.059375 0.007812
6 0.869531 0.511719 0.051562 0.007812
6 0.151562 0.593750 0.053125 0.012500
7 0.935937 0.307812 0.009375 0.031250
