0 0.733594 0.617188 0.035937 0.053125
2 0.864062 0.681250 0.268750 0.287500
2 0.019531 0.643750 0.039062 0.109375
2 0.625781 0.624219 0.051562 0.054688
2 0.342969 0.628125 0.145313 0.059375
2 0.539844 0.651563 0.089063 0.100000
4 0.733594 0.438281 0.123438 0.273438
4 0.126562 0.371875 0.103125 0.034375
4 0.629687 0.407813 0.093750 0.068750
5 0.832031 0.535156 0.167187 0.064062
5 0.178125 0.582031 0.012500 0.010937
6 0.556250 0.700781 0.031250 0.007812
6 0.364844 0.759375 0.085938 0.015625
7 0.250781 0.637500 0.017188 0.031250
