0 0.021875 0.738281 0.043750 0.117188
0 0.129688 0.700781 0.043750 0.039062
2 0.563281 0.710938 0.064062 0.043750
2 0.907031 0.708594 0.026562 0.014063
3 0.794531 0.709375 0.039062 0.021875
4 0.260156 0.535156 0.210938 0.235937
4 0.359375 0.607812 0.106250 0.153125
4 0.085156 0.652344 0.160938 0.123438
4 0.180469 0.621875 0.085938 0.050000
4 0.793750 0.671094 0.040625 0.089063
5 0.957031 0.637500 0.082812 0.146875
5 0.806250 0.649219 0.165625 0.132812
5 0.283594 0.665625 0.007812 0.021875
7 0.217188 0.714063 0.021875 0.059375
