2 0.839063 0.631250 0.318750 0.125000
2 0.185938 0.607031 0.262500 0.073438
2 0.561719 0.607812 0.189062 0.071875
3 0.617188 0.646875 0.021875 0.053125
4 0.080469 0.509375 0.160938 0.284375
4 0.211719 0.482031 0.098437 0.195312
4 0.915625 0.503125 0.165625 0.131250
4 0.022656 0.585938 0.045312 0.065625
5 0.770312 0.400781 0.106250 0.285938
5 0.444531 0.449219 0.114062 0.110937
5 0.840625 0.525781 0.068750 0.039062
5 0.606250 0.554688 0.143750 0.090625
5 0.736719 0.525000 0.007812 0.025000
5 0.486719 0.557813 0.067187 0.081250
5 0.059375 0.573438 0.028125 0.084375
5 0.303125 0.580469 0.131250 0.048438
