0 0.760938 0.272656 0.065625 0.064062
0 0.570312 0.290625 0.012500 0.050000
1 0.251563 0.301563 0.031250 0.025000
2 0.135156 0.267969 0.132812 0.104688
2 0.035156 0.285938 0.070312 0.059375
2 0.415625 0.294531 0.275000 0.073438
2 0.663281 0.297656 0.104688 0.070312
2 0.043750 0.696875 0.087500 0.481250
2 0.017188 0.936719 0.034375 0.123438
3 0.216406 0.549219 0.282813 0.454688
4 0.096094 0.132812 0.192188 0.265625
4 0.365625 0.162500 0.118750 0.187500
5 0.575000 0.213281 0.053125 0.020313
5 0.223438 0.226562 0.015625 0.025000
5 0.467187 0.256250 0.018750 0.025000
6 0.611719 0.368750 0.073438 0.025000
6 0.234375 0.367969 0.025000 0.004687
6 0.346094 0.417187 0.039062 0.009375
6 0.468750 0.811719 0.234375 0.201563
