2 0.067187 0.500781 0.068750 0.057813
2 0.403125 0.623437 0.134375 0.071875
2 0.842969 0.657813 0.160938 0.131250
2 0.962500 0.653906 0.062500 0.070312
2 0.494531 0.644531 0.017188 0.020313
2 0.612500 0.658594 0.053125 0.042188
4 0.470313 0.578125 0.106250 0.143750
4 0.594531 0.616406 0.048438 0.092188
5 0.026562 0.449219 0.053125 0.129688
5 0.195312 0.514844 0.146875 0.114062
5 0.703906 0.514844 0.014063 0.060937
5 0.402344 0.567187 0.054688 0.103125
5 0.304688 0.556250 0.050000 0.043750
5 0.610938 0.593750 0.053125 0.100000
6 0.944531 0.750781 0.054688 0.010937
6 0.432812 0.796094 0.093750 0.032813
8 0.751563 0.708594 0.493750 0.114062
