0 0.233594 0.657813 0.101562 0.071875
0 0.789062 0.723437 0.021875 0.090625
2 0.567187 0.694531 0.143750 0.064062
2 0.661719 0.707031 0.035937 0.035937
4 0.846875 0.659375 0.087500 0.184375
4 0.835938 0.725781 0.040625 0.057813
5 0.985156 0.206250 0.026562 0.240625
5 0.335156 0.589063 0.082812 0.068750
5 0.835938 0.646875 0.037500 0.134375
5 0.971094 0.605469 0.054688 0.039062
5 0.497656 0.603125 0.104688 0.025000
5 0.592187 0.667188 0.009375 0.015625
6 0.181250 0.706250 0.028125 0.006250
6 0.250781 0.788281 0.032813 0.004687
