0 0.614844 0.209375 0.017188 0.056250
0 0.454688 0.248438 0.068750 0.112500
0 0.368750 0.303906 0.103125 0.207813
0 0.941406 0.221875 0.114062 0.040625
0 0.185156 0.347656 0.095312 0.154688
0 0.286719 0.370312 0.073438 0.159375
2 0.514844 0.193750 0.076563 0.050000
2 0.727344 0.214062 0.185938 0.056250
2 0.909375 0.253906 0.178125 0.095312
4 0.292187 0.175781 0.309375 0.351562
4 0.419531 0.192188 0.067187 0.071875
4 0.056250 0.300000 0.112500 0.193750
5 0.721875 0.158594 0.012500 0.007812
6 0.590625 0.355469 0.025000 0.007812
6 0.908594 0.554688 0.079687 0.053125
