0 0.753125 0.708594 0.106250 0.095312
0 0.507812 0.709375 0.015625 0.031250
1 0.915625 0.743750 0.146875 0.103125
2 0.417187 0.722656 0.096875 0.051562
2 0.283594 0.730469 0.142187 0.060937
2 0.184375 0.741406 0.050000 0.070312
2 0.035937 0.770312 0.071875 0.103125
4 0.978906 0.367188 0.039062 0.234375
4 0.366406 0.672656 0.107813 0.073438
5 0.596094 0.671875 0.082812 0.084375
5 0.233594 0.664844 0.010937 0.020313
5 0.451562 0.671094 0.012500 0.029687
5 0.716406 0.725000 0.057813 0.031250
7 0.592187 0.727344 0.009375 0.039062
