0 0.887500 0.629687 0.021875 0.125000
0 0.703125 0.603906 0.071875 0.064062
0 0.467187 0.627344 0.059375 0.070312
1 0.914062 0.661719 0.134375 0.120313
1 0.650781 0.710938 0.079687 0.159375
2 0.403125 0.655469 0.078125 0.073438
2 0.290625 0.680469 0.137500 0.098437
2 0.083594 0.689844 0.167187 0.092188
4 0.600781 0.485156 0.110937 0.204687
4 0.314063 0.507031 0.087500 0.089063
4 0.525000 0.573438 0.021875 0.031250
5 0.742969 0.451562 0.010937 0.071875
6 0.468750 0.754687 0.037500 0.009375
8 0.468750 0.678125 0.043750 0.028125
8 0.285938 0.734375 0.106250 0.034375
8 0.269531 0.765625 0.235937 0.096875
