1 0.857031 0.646875 0.010937 0.031250
2 0.753906 0.643750 0.198437 0.187500
2 0.446875 0.691406 0.284375 0.273438
2 0.230469 0.610156 0.092188 0.073438
2 0.919531 0.625000 0.010937 0.025000
2 0.007812 0.630469 0.015625 0.032813
3 0.171875 0.632031 0.034375 0.032813
4 0.936719 0.109375 0.123438 0.218750
4 0.939844 0.296875 0.117188 0.156250
4 0.578906 0.550000 0.151562 0.150000
4 0.907813 0.599219 0.181250 0.154688
4 0.176563 0.542969 0.012500 0.032813
5 0.250781 0.551562 0.014063 0.018750
5 0.808594 0.554688 0.020313 0.012500
5 0.010937 0.576562 0.021875 0.021875
5 0.989844 0.634375 0.017188 0.028125
