0 0.301563 0.696875 0.103125 0.071875
0 0.434375 0.744531 0.100000 0.160938
0 0.560156 0.692187 0.051562 0.053125
0 0.994531 0.756250 0.007812 0.112500
2 0.349219 0.659375 0.048438 0.043750
4 0.006250 0.603125 0.012500 0.059375
4 0.219531 0.650781 0.057813 0.101562
5 0.760938 0.558594 0.065625 0.082812
5 0.633594 0.676562 0.026562 0.109375
5 0.316406 0.633594 0.007812 0.014063
7 0.246875 0.727344 0.025000 0.057813
7 0.602344 0.782031 0.117188 0.154688
7 0.822656 0.736719 0.017188 0.045312
7 0.021875 0.790625 0.043750 0.121875
