0 0.379688 0.624219 0.021875 0.073438
1 0.089844 0.696094 0.095312 0.167187
1 0.220312 0.689063 0.046875 0.125000
1 0.461719 0.642188 0.039062 0.028125
1 0.842187 0.643750 0.031250 0.031250
2 0.789844 0.793750 0.417187 0.409375
2 0.038281 0.674219 0.076563 0.167187
2 0.362500 0.623437 0.162500 0.046875
3 0.414062 0.632812 0.012500 0.028125
4 0.017188 0.291406 0.034375 0.104688
4 0.425000 0.573438 0.146875 0.121875
5 0.583594 0.609375 0.054688 0.034375
5 0.416406 0.604688 0.010937 0.015625
6 0.339844 0.705469 0.045312 0.001563
