2 0.918750 0.912500 0.159375 0.171875
2 0.540625 0.894531 0.181250 0.085938
2 0.379688 0.885156 0.125000 0.048438
2 0.285156 0.872656 0.054688 0.014063
4 0.064844 0.837500 0.129688 0.084375
4 0.590625 0.850781 0.121875 0.067187
4 0.190625 0.855469 0.109375 0.048438
5 0.082031 0.743750 0.148438 0.171875
5 0.696094 0.810156 0.151562 0.117188
5 0.795312 0.831250 0.028125 0.012500
5 0.303125 0.851562 0.056250 0.046875
5 0.132812 0.853125 0.025000 0.028125
8 0.331250 0.867969 0.037500 0.010937
8 0.202344 0.900781 0.404687 0.067187
8 0.755469 0.921875 0.251563 0.059375
