0 0.563281 0.560937 0.029687 0.109375
0 0.677344 0.561719 0.054688 0.092188
2 0.348438 0.521094 0.100000 0.135937
2 0.467969 0.522656 0.129688 0.060937
2 0.600000 0.534375 0.037500 0.050000
2 0.803125 0.592969 0.206250 0.123438
2 0.918750 0.561719 0.021875 0.023438
4 0.375781 0.250000 0.123438 0.100000
4 0.558594 0.483594 0.089063 0.085938
4 0.922656 0.530469 0.151562 0.067187
5 0.430469 0.219531 0.057813 0.060937
5 0.173437 0.328125 0.118750 0.150000
5 0.027344 0.331250 0.054688 0.053125
5 0.460156 0.343750 0.123438 0.056250
5 0.730469 0.451562 0.139063 0.137500
5 0.650781 0.537500 0.076563 0.118750
5 0.835156 0.500781 0.010937 0.010937
6 0.634375 0.617188 0.053125 0.012500
7 0.989062 0.567187 0.012500 0.018750
