0 0.532031 0.552344 0.114062 0.420312
0 0.262500 0.590625 0.137500 0.359375
0 0.973437 0.467969 0.034375 0.085938
0 0.049219 0.563281 0.098437 0.264062
0 0.380469 0.525781 0.073438 0.123438
0 0.793750 0.497656 0.018750 0.051562
0 0.021875 0.728906 0.025000 0.098437
2 0.772656 0.480469 0.245312 0.073438
2 0.439063 0.507031 0.018750 0.023438
4 0.729688 0.360156 0.381250 0.235937
5 0.139063 0.063281 0.078125 0.126562
5 0.473438 0.200781 0.040625 0.014063
5 0.060156 0.297656 0.120313 0.076563
5 0.261719 0.303125 0.126562 0.071875
5 0.341406 0.313281 0.023438 0.035937
5 0.981250 0.375781 0.034375 0.014063
5 0.069531 0.468750 0.139063 0.137500
5 0.333594 0.432812 0.085938 0.059375
5 0.807031 0.422656 0.082812 0.039062
5 0.697656 0.445312 0.073438 0.012500
5 0.451562 0.482031 0.009375 0.057813
6 0.731250 0.564844 0.034375 0.004687
