0 0.760156 0.645312 0.017188 0.040625
0 0.334375 0.689844 0.071875 0.114062
0 0.009375 0.729688 0.018750 0.146875
2 0.871875 0.749219 0.253125 0.498437
2 0.498437 0.642188 0.015625 0.015625
2 0.076563 0.675000 0.131250 0.065625
2 0.626563 0.668750 0.050000 0.043750
2 0.375781 0.667969 0.039062 0.039062
4 0.489063 0.614844 0.112500 0.060937
5 0.968750 0.185156 0.059375 0.307812
5 0.684375 0.461719 0.046875 0.054688
5 0.414844 0.579688 0.039062 0.065625
5 0.578906 0.595313 0.042188 0.037500
6 0.644531 0.734375 0.079687 0.025000
