0 0.618750 0.642188 0.006250 0.037500
2 0.316406 0.771094 0.632812 0.454688
2 0.785937 0.648438 0.215625 0.028125
2 0.942187 0.650781 0.071875 0.023438
4 0.814063 0.537500 0.368750 0.246875
4 0.588281 0.539062 0.067187 0.193750
4 0.483594 0.589063 0.101562 0.090625
5 0.901563 0.347656 0.065625 0.076563
5 0.588281 0.444531 0.048438 0.035937
5 0.887500 0.480469 0.034375 0.073438
5 0.213281 0.464844 0.057813 0.032813
5 0.395313 0.577344 0.021875 0.010937
5 0.539844 0.588281 0.004687 0.020313
5 0.627344 0.615625 0.007812 0.046875
6 0.351562 0.787500 0.053125 0.012500
