0 0.736719 0.502344 0.014063 0.010937
2 0.166406 0.566406 0.332813 0.192188
2 0.628125 0.557813 0.237500 0.146875
2 0.403906 0.546094 0.092188 0.114062
3 0.765625 0.533594 0.159375 0.264062
3 0.653906 0.517188 0.035937 0.043750
3 0.471875 0.604688 0.081250 0.215625
3 0.435937 0.617188 0.006250 0.021875
3 0.760938 0.752344 0.134375 0.173437
3 0.977344 0.751563 0.042188 0.084375
4 0.057031 0.347656 0.114062 0.267188
4 0.329688 0.467187 0.053125 0.112500
5 0.121094 0.283594 0.057813 0.101562
5 0.951562 0.434375 0.093750 0.190625
5 0.839844 0.378906 0.076563 0.048438
5 0.584375 0.458594 0.093750 0.079687
5 0.717187 0.453906 0.065625 0.035937
5 0.317969 0.478906 0.045312 0.048438
