2 0.100781 0.846875 0.201563 0.225000
2 0.354687 0.812500 0.128125 0.078125
2 0.497656 0.808594 0.148438 0.067187
2 0.689063 0.822656 0.081250 0.076563
2 0.844531 0.831250 0.110937 0.090625
4 0.053906 0.704688 0.107813 0.075000
4 0.507031 0.806250 0.182812 0.109375
4 0.622656 0.826562 0.082812 0.137500
5 0.116406 0.300000 0.076563 0.090625
5 0.095312 0.499219 0.093750 0.204687
5 0.110156 0.679688 0.167187 0.087500
5 0.266406 0.717187 0.132812 0.118750
5 0.747656 0.718750 0.067187 0.087500
5 0.375781 0.757812 0.067187 0.046875
5 0.655469 0.781250 0.014063 0.034375
7 0.887500 0.804688 0.037500 0.034375
8 0.689844 0.900781 0.414062 0.195312
