0 0.448437 0.704688 0.059375 0.225000
1 0.119531 0.823438 0.079687 0.103125
1 0.109375 0.940625 0.218750 0.115625
2 0.257031 0.664062 0.279687 0.078125
4 0.017969 0.219531 0.035937 0.098437
4 0.266406 0.643750 0.007812 0.021875
5 0.786719 0.039062 0.182812 0.078125
5 0.925000 0.011719 0.090625 0.023438
5 0.943750 0.300000 0.109375 0.062500
5 0.814844 0.332031 0.135937 0.082812
5 0.705469 0.378125 0.070312 0.068750
5 0.057813 0.460156 0.115625 0.160938
5 0.554688 0.459375 0.156250 0.106250
5 0.914062 0.622656 0.053125 0.157812
5 0.289062 0.600000 0.084375 0.109375
5 0.488281 0.642188 0.104688 0.168750
7 0.503125 0.689063 0.021875 0.062500
