0 0.742969 0.515625 0.014063 0.065625
0 0.592187 0.550781 0.034375 0.114062
1 0.962500 0.605469 0.071875 0.123438
2 0.658594 0.526563 0.104688 0.043750
2 0.828125 0.521875 0.078125 0.018750
4 0.051562 0.023438 0.103125 0.046875
4 0.229687 0.017188 0.053125 0.034375
4 0.881250 0.060156 0.137500 0.120313
4 0.725781 0.450000 0.098437 0.056250
4 0.507031 0.536719 0.014063 0.029687
5 0.682813 0.477344 0.050000 0.067187
5 0.460156 0.517969 0.079687 0.126562
5 0.264062 0.500781 0.215625 0.076563
6 0.644531 0.649219 0.073438 0.035937
6 0.650000 0.773438 0.146875 0.037500
