0 0.023438 0.351562 0.046875 0.275000
0 0.183594 0.362500 0.067187 0.225000
0 0.342969 0.367969 0.107813 0.223438
0 0.847656 0.374219 0.082812 0.045312
2 0.098437 0.332813 0.112500 0.062500
2 0.525781 0.362500 0.201563 0.071875
2 0.235156 0.345313 0.039062 0.034375
2 0.917969 0.417187 0.160938 0.125000
2 0.756250 0.375781 0.021875 0.020313
4 0.898438 0.277344 0.125000 0.242188
4 0.763281 0.276562 0.179688 0.225000
4 0.664062 0.321875 0.084375 0.071875
5 0.932031 0.131250 0.060937 0.050000
5 0.210156 0.281250 0.032813 0.021875
5 0.580469 0.302344 0.004687 0.023438
6 0.080469 0.382031 0.039062 0.004687
6 0.405469 0.478125 0.057813 0.012500
