1 0.062500 0.672656 0.118750 0.192188
1 0.025781 0.724219 0.051562 0.160938
2 0.913281 0.552344 0.170313 0.289062
2 0.405469 0.528906 0.085938 0.098437
2 0.193750 0.543750 0.068750 0.068750
2 0.012500 0.617969 0.025000 0.048438
4 0.239844 0.479687 0.048438 0.053125
5 0.708594 0.464844 0.095312 0.189062
5 0.900000 0.415625 0.190625 0.071875
5 0.501563 0.454688 0.140625 0.050000
5 0.425781 0.457031 0.004687 0.035937
5 0.114062 0.525000 0.096875 0.015625
6 0.764844 0.685156 0.189062 0.026562
6 0.149219 0.719531 0.057813 0.014063
8 0.477344 0.525781 0.151562 0.085938
8 0.256250 0.507031 0.087500 0.035937
8 0.141406 0.550000 0.039062 0.043750
