0 0.229687 0.603125 0.034375 0.053125
0 0.435156 0.598437 0.014063 0.037500
0 0.033594 0.717969 0.067187 0.095312
2 0.665625 0.625000 0.056250 0.071875
4 0.803906 0.518750 0.204687 0.093750
4 0.978125 0.491406 0.040625 0.032813
5 0.946875 0.275781 0.103125 0.064062
5 0.028906 0.435156 0.057813 0.048438
5 0.772656 0.542188 0.089063 0.050000
5 0.712500 0.557031 0.028125 0.032813
5 0.246094 0.564063 0.057813 0.021875
5 0.482812 0.578906 0.015625 0.032813
6 0.269531 0.733594 0.089063 0.020313
6 0.604688 0.750000 0.081250 0.028125
7 0.438281 0.644531 0.023438 0.057813
8 0.827344 0.608594 0.342187 0.217188
