0 0.810156 0.546875 0.042188 0.056250
2 0.994531 0.486719 0.007812 0.029687
2 0.883594 0.532031 0.048438 0.054688
3 0.817187 0.544531 0.084375 0.070312
3 0.959375 0.545312 0.009375 0.040625
3 0.692187 0.571875 0.025000 0.037500
3 0.548438 0.582031 0.018750 0.032813
3 0.071094 0.668750 0.035937 0.031250
4 0.942187 0.275000 0.112500 0.337500
4 0.938281 0.342187 0.014063 0.109375
4 0.596875 0.592187 0.118750 0.031250
5 0.955469 0.254688 0.076563 0.065625
5 0.729688 0.542969 0.034375 0.070312
5 0.164062 0.589063 0.034375 0.009375
6 0.639062 0.728906 0.087500 0.014063
7 0.901563 0.521875 0.012500 0.021875
