0 0.714844 0.481250 0.098437 0.178125
0 0.348438 0.429688 0.015625 0.065625
0 0.457813 0.428906 0.012500 0.051562
0 0.080469 0.499219 0.104688 0.182812
0 0.055469 0.660156 0.054688 0.145313
2 0.436719 0.427344 0.051562 0.064062
4 0.025781 0.795312 0.051562 0.093750
5 0.499219 0.320312 0.035937 0.121875
5 0.742969 0.331250 0.007812 0.046875
6 0.722656 0.541406 0.048438 0.045312
6 0.510938 0.587500 0.281250 0.059375
6 0.908594 0.605469 0.145313 0.032813
6 0.716406 0.694531 0.054688 0.014063
6 0.976562 0.836719 0.043750 0.060937
