0 0.878125 0.704688 0.018750 0.031250
0 0.996875 0.726562 0.003125 0.050000
0 0.121094 0.739844 0.010937 0.035937
2 0.274219 0.726562 0.089063 0.075000
2 0.463281 0.770312 0.214062 0.153125
2 0.639062 0.717187 0.009375 0.018750
2 0.946094 0.731250 0.101562 0.046875
2 0.042969 0.745313 0.085938 0.046875
4 0.939063 0.525000 0.118750 0.390625
4 0.357031 0.644531 0.179688 0.189062
4 0.621094 0.635938 0.095312 0.171875
4 0.830469 0.785156 0.020313 0.020313
5 0.240625 0.550781 0.175000 0.273438
5 0.784375 0.682031 0.125000 0.185938
5 0.871875 0.612500 0.021875 0.025000
5 0.127344 0.641406 0.251563 0.070312
5 0.497656 0.675781 0.151562 0.067187
5 0.617188 0.692969 0.056250 0.064062
8 0.642188 0.864844 0.071875 0.092188
