2 0.482031 0.691406 0.270313 0.220312
2 0.980469 0.615625 0.026562 0.025000
2 0.787500 0.639844 0.131250 0.057813
2 0.671094 0.636719 0.095312 0.029687
2 0.035156 0.709375 0.070312 0.087500
4 0.925781 0.510938 0.145313 0.253125
4 0.171094 0.603906 0.342187 0.167187
4 0.489063 0.600781 0.103125 0.048438
5 0.285156 0.617188 0.079687 0.087500
5 0.775000 0.589063 0.021875 0.009375
5 0.935937 0.600000 0.053125 0.018750
5 0.678125 0.610938 0.009375 0.028125
5 0.057813 0.658594 0.034375 0.014063
8 0.926562 0.668750 0.143750 0.028125
