0 0.455469 0.305469 0.120313 0.051562
0 0.621875 0.317969 0.106250 0.039062
0 0.986719 0.349219 0.023438 0.085938
0 0.071094 0.414844 0.054688 0.164062
0 0.728906 0.567969 0.079687 0.395313
1 0.776563 0.373437 0.071875 0.059375
1 0.075000 0.447656 0.103125 0.101562
4 0.808594 0.069531 0.082812 0.139063
4 0.930469 0.029687 0.135937 0.059375
5 0.454688 0.125781 0.021875 0.023438
5 0.178906 0.128125 0.029687 0.018750
5 0.878906 0.159375 0.154688 0.037500
5 0.642188 0.158594 0.140625 0.026562
5 0.455469 0.216406 0.126562 0.076563
5 0.918750 0.333594 0.040625 0.054688
6 0.167187 0.508594 0.053125 0.020313
6 0.664844 0.522656 0.042188 0.020313
6 0.967969 0.628906 0.060937 0.026562
6 0.089063 0.634375 0.078125 0.034375
6 0.572656 0.964844 0.142187 0.067187
7 0.800781 0.518750 0.042188 0.112500
