0 0.177344 0.621094 0.039062 0.026562
2 0.781250 0.639844 0.143750 0.082812
2 0.632031 0.641406 0.142187 0.076563
2 0.291406 0.621094 0.107813 0.026562
2 0.029687 0.650000 0.059375 0.071875
4 0.539062 0.630469 0.293750 0.279687
4 0.254688 0.614844 0.150000 0.039062
5 0.364844 0.391406 0.045312 0.264062
5 0.701562 0.474219 0.037500 0.151562
5 0.971875 0.575000 0.053125 0.028125
5 0.395313 0.616406 0.021875 0.010937
5 0.182031 0.618750 0.095312 0.012500
5 0.072656 0.618750 0.014063 0.006250
7 0.752344 0.649219 0.007812 0.032813
