0 0.625000 0.510938 0.006250 0.037500
2 0.519531 0.521094 0.204687 0.079687
2 0.307031 0.553906 0.164062 0.142187
2 0.671094 0.510938 0.089063 0.053125
2 0.118750 0.515625 0.165625 0.046875
3 0.965625 0.539062 0.065625 0.090625
3 0.452344 0.520312 0.007812 0.028125
4 0.550781 0.387500 0.060937 0.087500
4 0.443750 0.450781 0.081250 0.045312
4 0.141406 0.571875 0.282813 0.243750
5 0.942187 0.257031 0.112500 0.142187
5 0.813281 0.275781 0.126562 0.157812
5 0.595313 0.264062 0.021875 0.081250
5 0.560937 0.425781 0.103125 0.107813
5 0.757812 0.453125 0.121875 0.156250
5 0.358594 0.415625 0.182812 0.056250
5 0.653906 0.450000 0.073438 0.056250
5 0.971094 0.480469 0.029687 0.048438
5 0.234375 0.467969 0.012500 0.010937
8 0.402344 0.528125 0.035937 0.040625
