1 0.338281 0.701562 0.029687 0.021875
2 0.596875 0.642188 0.062500 0.034375
2 0.071094 0.686719 0.110937 0.023438
2 0.263281 0.707031 0.117188 0.045312
3 0.368750 0.669531 0.046875 0.023438
3 0.587500 0.678125 0.084375 0.040625
3 0.014063 0.744531 0.028125 0.026562
4 0.782031 0.396094 0.082812 0.032813
4 0.414062 0.493750 0.093750 0.096875
4 0.091406 0.692187 0.182812 0.081250
4 0.754687 0.739062 0.115625 0.090625
4 0.035937 0.768750 0.071875 0.028125
5 0.530469 0.408594 0.173437 0.126562
6 0.690625 0.748437 0.075000 0.012500
