0 0.756250 0.645312 0.037500 0.081250
2 0.676562 0.660937 0.143750 0.109375
2 0.828906 0.636719 0.114062 0.045312
2 0.085156 0.695312 0.170313 0.156250
2 0.247656 0.660156 0.173437 0.082812
3 0.447656 0.654687 0.029687 0.056250
4 0.228125 0.561719 0.456250 0.239063
4 0.552344 0.549219 0.182812 0.195312
4 0.247656 0.546094 0.010937 0.017188
4 0.695312 0.582812 0.096875 0.050000
4 0.539062 0.582812 0.018750 0.012500
5 0.123438 0.140625 0.231250 0.190625
5 0.446875 0.441406 0.025000 0.082812
5 0.694531 0.544531 0.110937 0.101562
8 0.435937 0.817187 0.440625 0.356250
