2 0.629687 0.621094 0.137500 0.132812
2 0.783594 0.592187 0.045312 0.056250
2 0.216406 0.593750 0.060937 0.034375
3 0.819531 0.606250 0.029687 0.050000
4 0.663281 0.512500 0.179688 0.143750
4 0.532031 0.539844 0.089063 0.085938
4 0.851562 0.569531 0.031250 0.023438
4 0.003125 0.603906 0.006250 0.051562
5 0.058594 0.467969 0.117188 0.217188
5 0.820312 0.544531 0.125000 0.110937
5 0.742188 0.531250 0.025000 0.050000
5 0.252344 0.591406 0.014063 0.035937
8 0.861719 0.603906 0.051562 0.010937
8 0.725781 0.607031 0.057813 0.014063
8 0.504687 0.609375 0.118750 0.015625
