0 0.810156 0.514844 0.042188 0.029687
0 0.662500 0.560156 0.125000 0.107813
0 0.357031 0.558594 0.045312 0.082812
0 0.253125 0.564844 0.037500 0.092188
2 0.564844 0.559375 0.079687 0.087500
2 0.467187 0.565625 0.043750 0.050000
3 0.799219 0.550781 0.070312 0.051562
3 0.247656 0.596094 0.132812 0.101562
3 0.490625 0.557813 0.009375 0.018750
4 0.173437 0.360156 0.337500 0.376563
4 0.929688 0.360156 0.137500 0.207813
4 0.721094 0.456250 0.151562 0.140625
4 0.146094 0.681250 0.292187 0.293750
5 0.800781 0.110937 0.160938 0.221875
5 0.827344 0.271875 0.092188 0.221875
5 0.657813 0.364063 0.037500 0.193750
5 0.582031 0.376563 0.114062 0.215625
5 0.272656 0.455469 0.035937 0.017188
