0 0.974219 0.617188 0.017188 0.046875
0 0.806250 0.625000 0.006250 0.025000
0 0.719531 0.638281 0.007812 0.045312
0 0.527344 0.660156 0.060937 0.048438
0 0.392188 0.678125 0.028125 0.056250
0 0.225781 0.666406 0.007812 0.020313
0 0.039062 0.700000 0.021875 0.037500
1 0.684375 0.652344 0.006250 0.023438
1 0.598437 0.653906 0.015625 0.020313
2 0.821875 0.639062 0.046875 0.034375
2 0.663281 0.644531 0.107813 0.029687
2 0.566406 0.648438 0.057813 0.021875
2 0.303125 0.714063 0.087500 0.128125
4 0.852344 0.569531 0.173437 0.189062
4 0.552344 0.603906 0.017188 0.070312
4 0.357031 0.650000 0.026562 0.053125
5 0.476562 0.649219 0.056250 0.042188
