0 0.491406 0.592969 0.010937 0.045312
0 0.791406 0.603125 0.039062 0.065625
0 0.677344 0.603125 0.045312 0.056250
0 0.574219 0.592187 0.010937 0.021875
0 0.067187 0.660156 0.046875 0.067187
2 0.722656 0.593750 0.082812 0.037500
2 0.949219 0.617969 0.076563 0.057813
2 0.411719 0.615625 0.014063 0.031250
3 0.459375 0.621094 0.046875 0.035937
4 0.425781 0.506250 0.035937 0.215625
4 0.257031 0.614062 0.051562 0.046875
5 0.877344 0.208594 0.082812 0.098437
5 0.937500 0.398438 0.093750 0.096875
5 0.884375 0.460156 0.081250 0.064062
5 0.575000 0.509375 0.053125 0.034375
5 0.838281 0.515625 0.020313 0.012500
5 0.475000 0.580469 0.009375 0.048438
7 0.642969 0.607031 0.007812 0.023438
7 0.830469 0.630469 0.014063 0.048438
7 0.567187 0.629687 0.012500 0.037500
