0 0.635156 0.670312 0.095312 0.059375
2 0.778125 0.646875 0.096875 0.056250
2 0.958594 0.678125 0.079687 0.084375
2 0.476562 0.694531 0.090625 0.110937
2 0.657813 0.672656 0.087500 0.048438
2 0.174219 0.738281 0.348438 0.173437
4 0.323437 0.580469 0.137500 0.185938
4 0.491406 0.613281 0.217188 0.139063
4 0.750781 0.684375 0.017188 0.034375
5 0.651563 0.592187 0.084375 0.056250
5 0.139844 0.621875 0.201563 0.025000
5 0.385937 0.625000 0.006250 0.018750
5 0.290625 0.629687 0.031250 0.018750
8 0.390625 0.771875 0.034375 0.031250
