1 0.113281 0.814844 0.120313 0.223438
1 0.029687 0.824219 0.059375 0.170313
2 0.473438 0.742969 0.065625 0.039062
2 0.767969 0.771875 0.117188 0.040625
2 0.907031 0.773438 0.035937 0.025000
4 0.434375 0.629687 0.265625 0.625000
4 0.789844 0.746875 0.023438 0.043750
4 0.235937 0.782813 0.090625 0.031250
5 0.280469 0.405469 0.076563 0.098437
5 0.568750 0.523438 0.087500 0.087500
5 0.897656 0.632812 0.076563 0.115625
5 0.635156 0.658594 0.132812 0.082812
5 0.834375 0.670312 0.093750 0.103125
5 0.642188 0.735156 0.150000 0.060937
5 0.518750 0.740625 0.075000 0.068750
6 0.431250 0.961719 0.087500 0.023438
