0 0.007812 0.653125 0.015625 0.112500
0 0.178906 0.649219 0.026562 0.098437
0 0.678125 0.663281 0.071875 0.060937
0 0.735938 0.664062 0.012500 0.053125
1 0.038281 0.721875 0.076563 0.153125
2 0.432031 0.632812 0.117188 0.150000
2 0.850781 0.796875 0.295312 0.403125
2 0.592969 0.669531 0.120313 0.126562
2 0.109375 0.651563 0.121875 0.071875
4 0.421875 0.533594 0.031250 0.054688
4 0.544531 0.571094 0.014063 0.039062
5 0.056250 0.117969 0.112500 0.160938
5 0.175000 0.418750 0.021875 0.078125
5 0.649219 0.478906 0.045312 0.057813
5 0.344531 0.513281 0.067187 0.073438
5 0.482812 0.536719 0.009375 0.023438
6 0.260156 0.707031 0.045312 0.004687
6 0.154688 0.790625 0.043750 0.006250
