0 0.050000 0.712500 0.100000 0.496875
0 0.175781 0.539844 0.060937 0.114062
0 0.398438 0.532813 0.168750 0.078125
0 0.648438 0.547656 0.184375 0.107813
0 0.819531 0.567969 0.101562 0.145313
1 0.620313 0.521094 0.012500 0.014063
4 0.387500 0.503906 0.084375 0.123438
4 0.617969 0.503125 0.123438 0.056250
5 0.121875 0.160156 0.062500 0.320312
5 0.344531 0.222656 0.054688 0.445312
5 0.820312 0.080469 0.021875 0.160938
5 0.946875 0.164062 0.040625 0.328125
5 0.807031 0.282031 0.045312 0.229687
5 0.645312 0.343750 0.075000 0.281250
5 0.633594 0.317188 0.007812 0.068750
5 0.301563 0.368750 0.056250 0.137500
5 0.133594 0.359375 0.039062 0.056250
5 0.410156 0.435937 0.051562 0.046875
5 0.026562 0.496094 0.031250 0.029687
6 0.221875 0.673438 0.034375 0.009375
