0 0.143750 0.250000 0.043750 0.162500
0 0.136719 0.380469 0.010937 0.026562
1 0.707031 0.217969 0.035937 0.032813
2 0.503906 0.227344 0.242188 0.082812
2 0.207813 0.253125 0.118750 0.109375
4 0.762500 0.153125 0.471875 0.306250
4 0.801562 0.208594 0.015625 0.045312
5 0.032813 0.178906 0.028125 0.060937
6 0.670312 0.280469 0.025000 0.007812
6 0.853906 0.357812 0.048438 0.009375
6 0.086719 0.362500 0.085938 0.006250
6 0.993750 0.475000 0.009375 0.021875
6 0.042188 0.566406 0.084375 0.045312
6 0.287500 0.983594 0.190625 0.029687
