0 0.031250 0.619531 0.046875 0.120313
0 0.664062 0.646094 0.021875 0.082812
0 0.220312 0.626563 0.059375 0.031250
0 0.367188 0.630469 0.031250 0.029687
0 0.741406 0.642188 0.020313 0.050000
0 0.512500 0.641406 0.031250 0.042188
1 0.720313 0.760156 0.171875 0.254688
1 0.857812 0.791406 0.121875 0.226562
2 0.953125 0.680469 0.090625 0.114062
4 0.850000 0.334375 0.296875 0.668750
4 0.569531 0.670312 0.067187 0.050000
4 0.835156 0.706250 0.029687 0.050000
5 0.740625 0.549219 0.131250 0.067187
5 0.915625 0.596094 0.165625 0.151562
5 0.993750 0.546094 0.009375 0.026562
5 0.588281 0.578125 0.073438 0.040625
5 0.232813 0.610156 0.068750 0.039062
5 0.520312 0.607031 0.009375 0.014063
7 0.464844 0.650781 0.023438 0.039062
