0 0.982031 0.567187 0.029687 0.140625
1 0.722656 0.535937 0.017188 0.018750
2 0.650781 0.535937 0.076563 0.109375
2 0.130469 0.499219 0.204687 0.020313
2 0.993750 0.560937 0.009375 0.100000
4 0.403906 0.531250 0.073438 0.115625
4 0.246875 0.494531 0.040625 0.026562
5 0.089844 0.193750 0.179688 0.387500
5 0.209375 0.064844 0.031250 0.129688
5 0.207031 0.302344 0.023438 0.170313
5 0.005469 0.307031 0.010937 0.026562
5 0.474219 0.439063 0.010937 0.087500
5 0.989844 0.440625 0.017188 0.062500
5 0.724219 0.496094 0.164062 0.148438
