0 0.047656 0.511719 0.095312 0.101562
0 0.677344 0.564063 0.098437 0.187500
0 0.279687 0.503125 0.075000 0.053125
0 0.606250 0.513281 0.028125 0.067187
0 0.448437 0.500000 0.009375 0.025000
4 0.331250 0.064844 0.021875 0.060937
4 0.516406 0.417969 0.148438 0.264062
4 0.236719 0.562500 0.032813 0.131250
5 0.844531 0.134375 0.079687 0.268750
5 0.297656 0.291406 0.029687 0.039062
5 0.055469 0.383594 0.089063 0.110937
5 0.824219 0.381250 0.020313 0.018750
5 0.666406 0.400000 0.151562 0.046875
5 0.541406 0.490625 0.076563 0.093750
5 0.265625 0.497656 0.059375 0.067187
5 0.467187 0.496875 0.025000 0.015625
5 0.746875 0.536719 0.018750 0.057813
6 0.735938 0.593750 0.040625 0.009375
6 0.590625 0.663281 0.084375 0.067187
6 0.591406 0.775781 0.132812 0.039062
7 0.266406 0.521094 0.017188 0.026562
