0 0.903125 0.739062 0.190625 0.518750
0 0.602344 0.734375 0.082812 0.340625
0 0.662500 0.672656 0.031250 0.117188
1 0.139844 0.852344 0.279687 0.292187
1 0.296875 0.810156 0.018750 0.117188
2 0.817187 0.617188 0.090625 0.068750
2 0.292969 0.682031 0.142187 0.114062
2 0.166406 0.653125 0.126562 0.040625
3 0.431250 0.760938 0.159375 0.293750
4 0.605469 0.510938 0.089063 0.100000
4 0.182031 0.589844 0.079687 0.104688
5 0.970313 0.400000 0.056250 0.109375
5 0.182031 0.455469 0.082812 0.026562
5 0.041406 0.490625 0.060937 0.028125
5 0.752344 0.560156 0.039062 0.032813
5 0.872656 0.570312 0.048438 0.031250
5 0.977344 0.570312 0.029687 0.012500
5 0.092188 0.629687 0.009375 0.012500
