2 0.598437 0.628125 0.165625 0.187500
2 0.432031 0.593750 0.157812 0.046875
2 0.066406 0.653125 0.132812 0.143750
2 0.724219 0.597656 0.020313 0.020313
4 0.631250 0.519531 0.109375 0.157812
4 0.904687 0.514062 0.034375 0.059375
4 0.757031 0.562500 0.135937 0.131250
4 0.844531 0.610938 0.029687 0.040625
4 0.255469 0.623437 0.060937 0.037500
5 0.896094 0.490625 0.089063 0.056250
5 0.464844 0.495312 0.017188 0.062500
5 0.728906 0.523438 0.029687 0.065625
5 0.267188 0.548438 0.184375 0.078125
5 0.150000 0.560937 0.025000 0.065625
5 0.764062 0.603906 0.012500 0.010937
7 0.234375 0.607812 0.081250 0.084375
7 0.165625 0.631250 0.015625 0.028125
