0 0.042969 0.630469 0.085938 0.510938
0 0.910937 0.598437 0.175000 0.334375
0 0.763281 0.595313 0.064062 0.178125
0 0.635938 0.608594 0.131250 0.164062
0 0.541406 0.614062 0.039062 0.087500
0 0.362500 0.616406 0.084375 0.089063
5 0.871094 0.264062 0.114062 0.112500
5 0.584375 0.545312 0.287500 0.065625
5 0.785937 0.531250 0.034375 0.012500
5 0.429688 0.542188 0.009375 0.025000
5 0.607031 0.597656 0.014063 0.010937
5 0.021875 0.759375 0.028125 0.109375
6 0.450781 0.742969 0.054688 0.010937
6 0.396094 0.967187 0.223438 0.062500
7 0.346875 0.638281 0.031250 0.076563
