0 0.042969 0.572656 0.014063 0.064062
0 0.839844 0.579688 0.017188 0.078125
2 0.917188 0.618750 0.162500 0.337500
2 0.370312 0.568750 0.343750 0.065625
2 0.625781 0.578125 0.160938 0.075000
2 0.029687 0.571094 0.059375 0.039062
4 0.278906 0.433594 0.248438 0.242188
4 0.152344 0.539844 0.092188 0.089063
4 0.017188 0.573438 0.034375 0.040625
5 0.153125 0.457813 0.065625 0.128125
5 0.856250 0.478125 0.171875 0.025000
5 0.322656 0.495312 0.007812 0.021875
5 0.171094 0.529687 0.060937 0.087500
5 0.675781 0.506250 0.039062 0.018750
5 0.070312 0.557031 0.012500 0.045312
7 0.083594 0.581250 0.017188 0.037500
