2 0.792188 0.581250 0.412500 0.271875
2 0.445312 0.541406 0.050000 0.054688
4 0.592187 0.355469 0.034375 0.107813
4 0.035156 0.478125 0.070312 0.181250
4 0.758594 0.472656 0.004687 0.023438
4 0.257812 0.523438 0.006250 0.025000
4 0.948438 0.760938 0.100000 0.118750
5 0.972656 0.374219 0.051562 0.092188
5 0.836719 0.391406 0.079687 0.114062
5 0.080469 0.474219 0.054688 0.076563
5 0.756250 0.450000 0.025000 0.025000
5 0.260156 0.492188 0.076563 0.040625
5 0.546094 0.496094 0.057813 0.035937
5 0.647656 0.484375 0.023438 0.009375
8 0.675781 0.530469 0.026562 0.020313
