0 0.698438 0.651563 0.006250 0.025000
0 0.042188 0.657813 0.040625 0.028125
2 0.220312 0.811719 0.440625 0.373437
2 0.601562 0.693750 0.137500 0.112500
2 0.462500 0.653906 0.037500 0.020313
2 0.224219 0.673438 0.029687 0.040625
2 0.939063 0.666406 0.028125 0.017188
3 0.208594 0.668750 0.064062 0.062500
3 0.431250 0.655469 0.015625 0.017188
3 0.856250 0.694531 0.065625 0.070312
4 0.166406 0.410938 0.026562 0.021875
4 0.671875 0.567187 0.209375 0.193750
4 0.444531 0.597656 0.192188 0.151562
4 0.091406 0.577344 0.182812 0.107813
4 0.597656 0.607031 0.020313 0.020313
5 0.610156 0.592969 0.029687 0.023438
5 0.295312 0.614844 0.137500 0.039062
6 0.952344 0.842969 0.054688 0.007812
