2 0.943750 0.735938 0.109375 0.512500
2 0.374219 0.626563 0.273438 0.246875
2 0.103906 0.636719 0.207813 0.245312
3 0.705469 0.532813 0.060937 0.046875
4 0.774219 0.428906 0.260937 0.217188
4 0.592969 0.460156 0.098437 0.157812
4 0.535156 0.498437 0.010937 0.075000
5 0.538281 0.367969 0.132812 0.160938
5 0.168750 0.383594 0.234375 0.054688
5 0.771094 0.545312 0.054688 0.115625
6 0.605469 0.800000 0.107813 0.025000
6 0.398438 0.864844 0.196875 0.067187
7 0.617188 0.548438 0.018750 0.043750
7 0.182031 0.690625 0.054688 0.150000
