0 0.978906 0.775000 0.039062 0.218750
0 0.671094 0.762500 0.051562 0.087500
2 0.103906 0.783594 0.207813 0.429688
2 0.397656 0.764844 0.079687 0.048438
4 0.204687 0.725781 0.134375 0.107813
4 0.519531 0.745313 0.104688 0.087500
5 0.061719 0.125781 0.051562 0.104688
5 0.260937 0.420312 0.100000 0.087500
5 0.615625 0.512500 0.043750 0.150000
5 0.664844 0.645312 0.042188 0.050000
5 0.951562 0.760938 0.093750 0.206250
5 0.270313 0.731250 0.015625 0.012500
5 0.612500 0.739062 0.006250 0.015625
6 0.820312 0.866406 0.121875 0.060937
6 0.575000 0.853906 0.065625 0.010937
7 0.628125 0.775000 0.015625 0.031250
