0 0.939844 0.485938 0.014063 0.012500
0 0.428906 0.510938 0.010937 0.037500
2 0.561719 0.570312 0.182812 0.159375
2 0.825781 0.543750 0.345313 0.103125
4 0.605469 0.467969 0.023438 0.051562
5 0.273438 0.084375 0.184375 0.168750
5 0.161719 0.322656 0.057813 0.339062
5 0.371094 0.289062 0.076563 0.109375
5 0.276562 0.372656 0.021875 0.148438
5 0.385156 0.420312 0.101562 0.128125
5 0.747656 0.446875 0.101562 0.040625
5 0.977344 0.459375 0.014063 0.046875
5 0.680469 0.458594 0.010937 0.014063
6 0.847656 0.719531 0.079687 0.017188
7 0.381250 0.552344 0.046875 0.082812
