0 0.868750 0.538281 0.009375 0.035937
1 0.737500 0.567969 0.006250 0.042188
2 0.478906 0.596875 0.407813 0.356250
2 0.971094 0.556250 0.054688 0.075000
2 0.176563 0.577344 0.146875 0.076563
4 0.766406 0.431250 0.254688 0.250000
4 0.321094 0.349219 0.045312 0.079687
4 0.574219 0.499219 0.120313 0.089063
4 0.372656 0.501563 0.070312 0.034375
5 0.995313 0.439844 0.006250 0.157812
5 0.523438 0.432031 0.028125 0.007812
5 0.702344 0.434375 0.014063 0.009375
5 0.034375 0.500781 0.068750 0.076563
5 0.214062 0.494531 0.090625 0.032813
5 0.628125 0.503125 0.040625 0.040625
5 0.028906 0.564844 0.057813 0.032813
5 0.275000 0.578906 0.009375 0.023438
6 0.335938 0.682031 0.050000 0.014063
