0 0.841406 0.775000 0.139063 0.262500
0 0.989062 0.683594 0.018750 0.045312
2 0.531250 0.767969 0.290625 0.270313
2 0.066406 0.822656 0.132812 0.351562
2 0.342187 0.692187 0.087500 0.081250
4 0.456250 0.592969 0.078125 0.089063
4 0.349219 0.627344 0.107813 0.045312
5 0.508594 0.344531 0.082812 0.095312
5 0.048438 0.539062 0.075000 0.250000
5 0.757031 0.507812 0.089063 0.093750
5 0.122656 0.532813 0.126562 0.096875
5 0.604688 0.556250 0.009375 0.056250
5 0.442969 0.589844 0.073438 0.070312
5 0.303906 0.599219 0.023438 0.039062
6 0.311719 0.789844 0.110937 0.042188
