0 0.748437 0.466406 0.068750 0.195312
0 0.308594 0.528125 0.104688 0.196875
0 0.707031 0.570312 0.104688 0.271875
0 0.843750 0.471094 0.018750 0.045312
0 0.237500 0.532813 0.028125 0.100000
0 0.706250 0.692969 0.012500 0.045312
1 0.503125 0.527344 0.012500 0.026562
2 0.910156 0.510156 0.176563 0.214062
2 0.427344 0.517188 0.139063 0.075000
2 0.273438 0.522656 0.043750 0.048438
3 0.643750 0.528125 0.018750 0.009375
5 0.910156 0.358594 0.017188 0.089063
5 0.412500 0.411719 0.015625 0.076563
5 0.235937 0.469531 0.078125 0.042188
6 0.536719 0.817969 0.142187 0.064062
7 0.297656 0.585156 0.045312 0.110937
