0 0.696875 0.361719 0.006250 0.026562
0 0.520312 0.485156 0.037500 0.117188
0 0.393750 0.495312 0.015625 0.018750
0 0.253125 0.665625 0.040625 0.228125
0 0.170313 0.819531 0.062500 0.292187
3 0.708594 0.486719 0.026562 0.039062
4 0.803125 0.160938 0.134375 0.321875
4 0.217969 0.481250 0.120313 0.621875
4 0.190625 0.798438 0.006250 0.046875
5 0.100000 0.138281 0.200000 0.173437
5 0.107813 0.459375 0.190625 0.371875
5 0.432812 0.385156 0.134375 0.129688
5 0.306250 0.435937 0.103125 0.162500
7 0.677344 0.415625 0.010937 0.034375
7 0.539844 0.481250 0.010937 0.050000
8 0.671875 0.616406 0.165625 0.067187
