0 0.167969 0.601562 0.029687 0.109375
1 0.905469 0.586719 0.007812 0.032813
2 0.746094 0.575781 0.060937 0.032813
3 0.847656 0.584375 0.057813 0.053125
3 0.635938 0.579688 0.025000 0.028125
4 0.838281 0.429688 0.204687 0.428125
5 0.320312 0.455469 0.015625 0.023438
5 0.193750 0.471875 0.078125 0.043750
5 0.984375 0.467187 0.015625 0.018750
5 0.516406 0.520312 0.101562 0.025000
5 0.819531 0.564063 0.026562 0.081250
5 0.960938 0.585156 0.075000 0.060937
5 0.249219 0.614844 0.060937 0.067187
6 0.228906 0.699219 0.054688 0.007812
