0 0.229687 0.413281 0.050000 0.139063
0 0.567969 0.379688 0.089063 0.040625
0 0.415625 0.393750 0.012500 0.056250
0 0.171875 0.443750 0.043750 0.146875
0 0.897656 0.500000 0.098437 0.143750
0 0.120313 0.532813 0.040625 0.087500
0 0.070312 0.628906 0.140625 0.232813
2 0.339844 0.548438 0.289062 0.281250
3 0.602344 0.714844 0.114062 0.217188
5 0.280469 0.275000 0.020313 0.009375
5 0.185938 0.364844 0.053125 0.132812
5 0.514062 0.321094 0.037500 0.039062
7 0.845313 0.480469 0.025000 0.054688
7 0.177344 0.521875 0.026562 0.071875
