0 0.778906 0.698438 0.014063 0.059375
1 0.015625 0.653906 0.031250 0.070312
1 0.307031 0.683594 0.020313 0.060937
2 0.137500 0.631250 0.028125 0.015625
2 0.364063 0.644531 0.056250 0.026562
2 0.510156 0.674219 0.085938 0.070312
2 0.255469 0.672656 0.017188 0.048438
2 0.867188 0.710938 0.262500 0.100000
2 0.707031 0.689844 0.029687 0.042188
4 0.137500 0.607031 0.275000 0.154688
4 0.358594 0.617188 0.114062 0.081250
4 0.710156 0.650781 0.123438 0.123438
5 0.714844 0.537500 0.014063 0.018750
5 0.371094 0.571875 0.023438 0.021875
5 0.978125 0.589063 0.040625 0.046875
5 0.614844 0.608594 0.014063 0.060937
