0 0.609375 0.574219 0.150000 0.145313
0 0.149219 0.589844 0.073438 0.142187
0 0.232813 0.582812 0.081250 0.128125
0 0.723437 0.578906 0.043750 0.110937
0 0.892188 0.595313 0.034375 0.137500
1 0.554688 0.561719 0.009375 0.029687
1 0.300781 0.607031 0.054688 0.117188
1 0.764844 0.661719 0.051562 0.120313
2 0.468750 0.598437 0.112500 0.168750
4 0.486719 0.481250 0.135937 0.090625
5 0.504687 0.450000 0.009375 0.025000
5 0.650781 0.510156 0.023438 0.045312
5 0.404687 0.517969 0.056250 0.048438
5 0.288281 0.526563 0.020313 0.028125
6 0.535156 0.650781 0.045312 0.048438
6 0.627344 0.710938 0.048438 0.018750
6 0.034375 0.743750 0.046875 0.021875
6 0.783594 0.823438 0.170313 0.062500
6 0.239063 0.821094 0.053125 0.026562
