0 0.566406 0.692969 0.045312 0.054688
1 0.586719 0.709375 0.076563 0.046875
2 0.081250 0.674219 0.162500 0.120313
2 0.857812 0.658594 0.056250 0.029687
2 0.457813 0.688281 0.028125 0.014063
3 0.483594 0.691406 0.014063 0.010937
4 0.915625 0.398438 0.165625 0.528125
4 0.042969 0.550000 0.085938 0.140625
4 0.136719 0.600781 0.098437 0.148438
5 0.594531 0.556250 0.023438 0.040625
5 0.480469 0.547656 0.051562 0.010937
5 0.856250 0.628125 0.015625 0.031250
5 0.325000 0.633594 0.009375 0.010937
5 0.432031 0.675000 0.014063 0.015625
7 0.860156 0.646094 0.017188 0.042188
