0 0.864844 0.448437 0.010937 0.084375
2 0.211719 0.335938 0.051562 0.031250
2 0.400000 0.356250 0.031250 0.034375
2 0.903906 0.460156 0.189062 0.092188
4 0.540625 0.284375 0.259375 0.271875
4 0.349219 0.257031 0.110937 0.045312
4 0.228906 0.296875 0.123438 0.100000
4 0.828125 0.274219 0.109375 0.054688
5 0.657813 0.332031 0.378125 0.164062
5 0.929688 0.364063 0.137500 0.106250
6 0.021875 0.483594 0.031250 0.007812
6 0.365625 0.540625 0.143750 0.059375
6 0.644531 0.521875 0.039062 0.009375
6 0.638281 0.681250 0.076563 0.021875
6 0.489844 0.744531 0.107813 0.029687
