1 0.407813 0.564063 0.006250 0.018750
1 0.025000 0.611719 0.050000 0.092188
2 0.565625 0.566406 0.218750 0.092188
2 0.119531 0.589063 0.167187 0.115625
2 0.304688 0.573438 0.187500 0.075000
4 0.509375 0.519531 0.046875 0.060937
5 0.040625 0.379688 0.034375 0.081250
5 0.735156 0.498437 0.123438 0.150000
5 0.973437 0.527344 0.034375 0.135937
5 0.374219 0.509375 0.070312 0.071875
5 0.859375 0.539062 0.028125 0.093750
5 0.478906 0.512500 0.007812 0.012500
5 0.597656 0.520312 0.020313 0.015625
6 0.219531 0.747656 0.104688 0.023438
7 0.214062 0.567969 0.028125 0.039062
