0 0.534375 0.460156 0.109375 0.179688
0 0.285938 0.416406 0.125000 0.073438
0 0.198437 0.416406 0.012500 0.048438
0 0.437500 0.419531 0.012500 0.051562
0 0.053906 0.424219 0.007812 0.035937
2 0.500000 0.448437 0.203125 0.131250
2 0.002344 0.455469 0.004687 0.054688
4 0.526563 0.256250 0.006250 0.075000
5 0.548438 0.360156 0.040625 0.032813
5 0.148438 0.406250 0.012500 0.018750
6 0.291406 0.555469 0.032813 0.004687
6 0.576562 0.557031 0.028125 0.004687
6 0.114062 0.575000 0.043750 0.006250
7 0.513281 0.528125 0.004687 0.046875
