0 0.239063 0.611719 0.121875 0.082812
0 0.528125 0.635938 0.065625 0.103125
2 0.039062 0.611719 0.078125 0.085938
2 0.953125 0.666406 0.090625 0.179688
2 0.176563 0.608594 0.053125 0.045312
2 0.424219 0.646094 0.098437 0.110937
4 0.019531 0.412500 0.039062 0.334375
4 0.176563 0.404687 0.265625 0.171875
4 0.394531 0.542188 0.151562 0.125000
5 0.765625 0.569531 0.056250 0.104688
5 0.214844 0.546875 0.010937 0.034375
5 0.486719 0.560937 0.135937 0.034375
5 0.079687 0.591406 0.025000 0.051562
7 0.705469 0.682031 0.029687 0.073438
8 0.301563 0.620313 0.162500 0.028125
