0 0.160938 0.738281 0.021875 0.032813
2 0.532813 0.759375 0.140625 0.115625
2 0.193750 0.791406 0.387500 0.139063
2 0.634375 0.735156 0.021875 0.017188
4 0.150781 0.273438 0.301563 0.546875
4 0.366406 0.636719 0.189062 0.207813
4 0.081250 0.653125 0.162500 0.140625
4 0.218750 0.607812 0.065625 0.034375
5 0.276562 0.669531 0.103125 0.035937
5 0.573438 0.691406 0.056250 0.029687
8 0.641406 0.726562 0.117188 0.034375
8 0.835938 0.740625 0.265625 0.021875
8 0.982031 0.746094 0.020313 0.014063
8 0.036719 0.776563 0.073438 0.050000
8 0.284375 0.961719 0.078125 0.073438
