2 0.419531 0.587500 0.173437 0.056250
2 0.156250 0.605469 0.125000 0.020313
2 0.671875 0.664062 0.200000 0.131250
2 0.855469 0.605469 0.220312 0.014063
2 0.189062 0.750781 0.378125 0.248438
2 0.559375 0.703906 0.106250 0.045312
2 0.905469 0.719531 0.185938 0.051562
2 0.850781 0.852344 0.295312 0.210938
2 0.046094 0.920312 0.092188 0.156250
3 0.360938 0.789844 0.037500 0.064062
4 0.907031 0.288281 0.182812 0.576562
4 0.076563 0.525000 0.153125 0.168750
4 0.443750 0.496875 0.112500 0.093750
4 0.280469 0.982031 0.142187 0.032813
5 0.893750 0.520312 0.028125 0.050000
8 0.568750 0.738281 0.859375 0.157812
