0 0.972656 0.503906 0.014063 0.017188
0 0.290625 0.611719 0.037500 0.117188
0 0.076563 0.642188 0.031250 0.134375
2 0.646875 0.504687 0.068750 0.053125
2 0.556250 0.672656 0.156250 0.204687
4 0.364063 0.448437 0.040625 0.050000
4 0.961719 0.463281 0.073438 0.070312
5 0.646094 0.469531 0.014063 0.017188
5 0.082812 0.570312 0.075000 0.187500
5 0.427344 0.521875 0.007812 0.090625
5 0.257812 0.577344 0.093750 0.082812
5 0.175781 0.596875 0.039062 0.081250
5 0.017969 0.641406 0.035937 0.110937
6 0.914062 0.609375 0.040625 0.012500
6 0.238281 0.683594 0.067187 0.014063
