0 0.165625 0.326562 0.090625 0.131250
0 0.841406 0.366406 0.217188 0.192188
2 0.057813 0.320312 0.115625 0.178125
2 0.327344 0.357031 0.257812 0.142187
2 0.548438 0.342187 0.131250 0.065625
4 0.599219 0.174219 0.489063 0.348438
4 0.907031 0.224219 0.182812 0.367188
4 0.156250 0.193750 0.312500 0.218750
4 0.439063 0.263281 0.046875 0.048438
5 0.842187 0.050000 0.031250 0.100000
5 0.168750 0.266406 0.087500 0.045312
6 0.611719 0.460938 0.032813 0.009375
7 0.133594 0.326562 0.007812 0.025000
7 0.908594 0.384375 0.029687 0.071875
