2 0.426563 0.534375 0.037500 0.034375
2 0.566406 0.555469 0.070312 0.073438
2 0.042969 0.746875 0.085938 0.340625
4 0.519531 0.410156 0.314063 0.248438
5 0.136719 0.343750 0.007812 0.096875
5 0.801562 0.434375 0.178125 0.040625
5 0.327344 0.455469 0.014063 0.026562
6 0.874219 0.625000 0.032813 0.006250
6 0.442969 0.678906 0.073438 0.014063
6 0.464844 0.781250 0.082812 0.025000
6 0.194531 0.792969 0.076563 0.029687
7 0.873437 0.566406 0.037500 0.067187
7 0.395313 0.549219 0.009375 0.026562
7 0.052344 0.577344 0.092188 0.064062
