0 0.613281 0.479687 0.042188 0.059375
0 0.457813 0.500000 0.053125 0.090625
2 0.197656 0.558594 0.395313 0.279687
2 0.404687 0.487500 0.012500 0.056250
4 0.822656 0.299219 0.157812 0.520312
4 0.734375 0.266406 0.006250 0.054688
4 0.242188 0.408594 0.050000 0.020313
5 0.064062 0.088281 0.128125 0.120313
5 0.973437 0.309375 0.050000 0.050000
5 0.770312 0.421094 0.050000 0.139063
5 0.667969 0.454688 0.010937 0.031250
7 0.331250 0.475000 0.006250 0.021875
7 0.514844 0.479687 0.007812 0.015625
7 0.731250 0.495312 0.006250 0.034375
