0 0.590625 0.552344 0.040625 0.039062
2 0.544531 0.549219 0.023438 0.032813
2 0.253906 0.580469 0.120313 0.051562
2 0.066406 0.611719 0.132812 0.089063
3 0.539844 0.559375 0.010937 0.015625
4 0.412500 0.488281 0.031250 0.014063
4 0.318750 0.530469 0.046875 0.026562
4 0.718750 0.539844 0.031250 0.017188
5 0.763281 0.146094 0.148438 0.292187
5 0.628906 0.257812 0.057813 0.100000
5 0.149219 0.278125 0.023438 0.006250
5 0.398438 0.325781 0.028125 0.004687
5 0.658594 0.464844 0.060937 0.067187
5 0.849219 0.457813 0.014063 0.034375
5 0.153125 0.465625 0.140625 0.028125
5 0.241406 0.478125 0.023438 0.012500
5 0.567969 0.517188 0.004687 0.053125
6 0.689844 0.682031 0.051562 0.014063
