0 0.980469 0.546875 0.032813 0.071875
2 0.753906 0.535156 0.470313 0.076563
2 0.380469 0.535156 0.085938 0.026562
2 0.215625 0.553125 0.181250 0.037500
2 0.116406 0.557813 0.010937 0.031250
3 0.013281 0.572656 0.026562 0.039062
4 0.264844 0.471094 0.217188 0.073438
4 0.553906 0.508594 0.029687 0.026562
5 0.772656 0.449219 0.064062 0.020313
5 0.937500 0.450781 0.009375 0.020313
5 0.465625 0.488281 0.015625 0.014063
5 0.366406 0.522656 0.032813 0.023438
5 0.182031 0.525000 0.010937 0.009375
8 0.891406 0.641406 0.023438 0.004687
8 0.623437 0.661719 0.021875 0.007812
