0 0.868750 0.546094 0.200000 0.423438
0 0.106250 0.674219 0.212500 0.648438
0 0.286719 0.357031 0.010937 0.014063
0 0.422656 0.458594 0.039062 0.192188
0 0.636719 0.534375 0.260937 0.334375
1 0.559375 0.393750 0.015625 0.015625
2 0.450000 0.409375 0.153125 0.140625
2 0.162500 0.410938 0.162500 0.118750
2 0.332031 0.396875 0.076563 0.087500
2 0.013281 0.383594 0.026562 0.048438
4 0.465625 0.192188 0.271875 0.371875
5 0.910937 0.141406 0.031250 0.264062
5 0.079687 0.304688 0.131250 0.090625
5 0.813281 0.352344 0.039062 0.110937
5 0.259375 0.353125 0.031250 0.043750
5 0.404687 0.350000 0.012500 0.025000
6 0.494531 0.615625 0.098437 0.050000
6 0.374219 0.623437 0.076563 0.025000
