0 0.926562 0.712500 0.143750 0.571875
0 0.618750 0.717969 0.362500 0.560937
0 0.282813 0.586719 0.128125 0.051562
0 0.110937 0.586719 0.078125 0.032813
2 0.410156 0.596875 0.126562 0.109375
2 0.121094 0.691406 0.242188 0.192188
4 0.283594 0.525000 0.079687 0.075000
4 0.395313 0.546094 0.018750 0.023438
5 0.789062 0.204687 0.150000 0.078125
5 0.006250 0.457813 0.012500 0.068750
5 0.275781 0.523438 0.026562 0.018750
5 0.126562 0.555469 0.075000 0.079687
5 0.585938 0.539844 0.031250 0.020313
6 0.346094 0.956250 0.114062 0.065625
7 0.108594 0.593750 0.029687 0.009375
