0 0.977344 0.550781 0.042188 0.148438
0 0.761719 0.582031 0.082812 0.189062
0 0.659375 0.555469 0.012500 0.020313
1 0.944531 0.714063 0.107813 0.434375
1 0.669531 0.627344 0.079687 0.139063
1 0.532031 0.613281 0.029687 0.029687
2 0.496094 0.575000 0.076563 0.028125
2 0.386719 0.575000 0.048438 0.021875
2 0.107813 0.591406 0.215625 0.048438
3 0.509375 0.589063 0.037500 0.046875
4 0.649219 0.096875 0.095312 0.193750
4 0.425000 0.453125 0.159375 0.243750
4 0.033594 0.462500 0.067187 0.225000
5 0.417969 0.442969 0.051562 0.270313
5 0.543750 0.533594 0.012500 0.020313
5 0.212500 0.546875 0.012500 0.021875
5 0.300781 0.557031 0.004687 0.032813
5 0.050781 0.571094 0.032813 0.032813
6 0.773438 0.710938 0.056250 0.012500
7 0.627344 0.567187 0.029687 0.075000
