0 0.871875 0.733594 0.046875 0.039062
0 0.178906 0.740625 0.032813 0.037500
0 0.293750 0.739062 0.009375 0.034375
1 0.774219 0.742188 0.029687 0.025000
2 0.548438 0.795312 0.156250 0.171875
2 0.395313 0.769531 0.103125 0.101562
2 0.717187 0.772656 0.112500 0.098437
2 0.126562 0.746875 0.071875 0.031250
2 0.952344 0.860156 0.092188 0.204687
4 0.933594 0.492969 0.129688 0.476562
4 0.853125 0.689063 0.053125 0.131250
4 0.700000 0.675000 0.031250 0.100000
5 0.381250 0.666406 0.021875 0.023438
5 0.253906 0.675781 0.073438 0.010937
5 0.142187 0.679688 0.037500 0.009375
7 0.861719 0.769531 0.089063 0.076563
7 0.218750 0.782813 0.028125 0.053125
