0 0.653906 0.589063 0.026562 0.071875
0 0.545312 0.592187 0.015625 0.050000
0 0.235937 0.627344 0.009375 0.035937
2 0.427344 0.661719 0.167187 0.182812
2 0.521094 0.600781 0.014063 0.035937
3 0.574219 0.614062 0.017188 0.046875
4 0.464062 0.475781 0.171875 0.251563
4 0.010937 0.421094 0.021875 0.029687
4 0.392188 0.564844 0.153125 0.089063
4 0.638281 0.604688 0.010937 0.015625
5 0.764844 0.428906 0.079687 0.073438
5 0.247656 0.529687 0.045312 0.106250
5 0.892188 0.533594 0.012500 0.023438
5 0.163281 0.575781 0.045312 0.104688
5 0.021875 0.548438 0.006250 0.018750
5 0.348438 0.593750 0.006250 0.018750
5 0.243750 0.626563 0.009375 0.025000
6 0.660937 0.747656 0.162500 0.060937
7 0.517969 0.638281 0.014063 0.039062
