0 0.196875 0.550000 0.081250 0.128125
0 0.076563 0.562500 0.090625 0.140625
2 0.537500 0.532031 0.096875 0.045312
4 0.435156 0.425000 0.223438 0.237500
4 0.656250 0.516406 0.006250 0.060937
4 0.454688 0.518750 0.006250 0.056250
5 0.128906 0.250781 0.142187 0.123438
5 0.928906 0.374219 0.139063 0.220312
5 0.816406 0.321094 0.123438 0.082812
5 0.329688 0.430469 0.112500 0.073438
5 0.735156 0.430469 0.076563 0.073438
5 0.103125 0.488281 0.009375 0.023438
5 0.516406 0.496875 0.010937 0.028125
7 0.635156 0.531250 0.007812 0.021875
