0 0.092188 0.457031 0.021875 0.067187
0 0.266406 0.467187 0.073438 0.065625
0 0.207031 0.467187 0.029687 0.056250
0 0.556250 0.473438 0.012500 0.034375
1 0.090625 0.475781 0.053125 0.042188
1 0.531250 0.480469 0.034375 0.020313
2 0.642969 0.482031 0.104688 0.057813
2 0.874219 0.507031 0.176563 0.073438
4 0.487500 0.285156 0.459375 0.414062
4 0.898438 0.371875 0.115625 0.243750
5 0.963281 0.337500 0.023438 0.021875
5 0.175000 0.371875 0.071875 0.031250
5 0.440625 0.421875 0.121875 0.053125
5 0.310156 0.478125 0.020313 0.040625
5 0.587500 0.491406 0.009375 0.035937
