0 0.627344 0.733594 0.014063 0.032813
1 0.882031 0.863281 0.223438 0.270313
1 0.550781 0.750000 0.017188 0.018750
1 0.970313 0.871875 0.056250 0.240625
1 0.741406 0.865625 0.048438 0.115625
2 0.436719 0.750000 0.117188 0.090625
2 0.064062 0.749219 0.128125 0.067187
2 0.990625 0.781250 0.015625 0.034375
4 0.201563 0.122656 0.203125 0.245312
4 0.014063 0.780469 0.028125 0.035937
5 0.667188 0.494531 0.103125 0.360938
5 0.889844 0.708594 0.139063 0.179688
5 0.083594 0.714844 0.020313 0.042188
5 0.510938 0.708594 0.006250 0.014063
5 0.976562 0.784375 0.015625 0.028125
8 0.650000 0.770312 0.087500 0.040625
