0 0.143750 0.389844 0.009375 0.026562
2 0.733594 0.399219 0.317188 0.079687
2 0.164062 0.387500 0.171875 0.028125
2 0.005469 0.403906 0.010937 0.029687
2 0.478906 0.417187 0.157812 0.034375
4 0.717969 0.285156 0.085938 0.092188
4 0.189844 0.322656 0.245312 0.157812
4 0.517969 0.345313 0.076563 0.050000
5 0.061719 0.030469 0.123438 0.060937
5 0.317188 0.076563 0.150000 0.153125
5 0.953906 0.058594 0.089063 0.117188
5 0.715625 0.168750 0.075000 0.071875
5 0.971875 0.328906 0.012500 0.023438
5 0.611719 0.336719 0.020313 0.032813
5 0.702344 0.330469 0.014063 0.010937
6 0.392969 0.482031 0.039062 0.007812
7 0.933594 0.385156 0.014063 0.026562
