0 0.858594 0.547656 0.139063 0.476562
0 0.328125 0.345313 0.006250 0.021875
0 0.697656 0.414062 0.098437 0.093750
1 0.718750 0.417969 0.015625 0.026562
2 0.150000 0.344531 0.300000 0.126562
2 0.447656 0.394531 0.242188 0.142187
4 0.645312 0.217188 0.115625 0.434375
4 0.098437 0.259375 0.078125 0.153125
4 0.463281 0.316406 0.148438 0.092188
5 0.777344 0.171094 0.135937 0.342187
5 0.206250 0.225781 0.125000 0.132812
5 0.459375 0.236719 0.034375 0.123438
5 0.292969 0.269531 0.045312 0.067187
5 0.580469 0.299219 0.089063 0.073438
5 0.039844 0.282031 0.007812 0.029687
5 0.739844 0.382031 0.079687 0.139063
6 0.642188 0.412500 0.021875 0.009375
6 0.740625 0.511719 0.093750 0.020313
6 0.736719 0.696094 0.176563 0.073438
6 0.910937 0.722656 0.118750 0.067187
8 0.081250 0.388281 0.162500 0.007812
