0 0.924219 0.525781 0.017188 0.020313
0 0.829688 0.536719 0.009375 0.014063
0 0.139844 0.565625 0.064062 0.053125
0 0.629687 0.569531 0.006250 0.045312
2 0.433594 0.538281 0.151562 0.035937
2 0.319531 0.565625 0.042188 0.043750
2 0.750781 0.583594 0.139063 0.076563
2 0.918750 0.588281 0.034375 0.067187
2 0.198437 0.629687 0.103125 0.087500
4 0.191406 0.547656 0.007812 0.029687
5 0.931250 0.419531 0.134375 0.085938
5 0.629687 0.488281 0.068750 0.042188
5 0.361719 0.518750 0.007812 0.015625
5 0.832812 0.619531 0.028125 0.070312
6 0.125000 0.689063 0.056250 0.009375
7 0.218750 0.558594 0.006250 0.020313
7 0.925000 0.617969 0.025000 0.054688
