0 0.982812 0.600781 0.031250 0.057813
0 0.880469 0.627344 0.064062 0.104688
0 0.264844 0.598437 0.039062 0.037500
1 0.288281 0.610156 0.007812 0.023438
1 0.601562 0.610156 0.040625 0.023438
2 0.514844 0.607031 0.117188 0.042188
4 0.378906 0.525000 0.064062 0.050000
5 0.903906 0.375000 0.189062 0.140625
5 0.057813 0.409375 0.040625 0.056250
5 0.717187 0.527344 0.053125 0.132812
5 0.171094 0.555469 0.048438 0.076563
5 0.640625 0.614844 0.025000 0.007812
7 0.150000 0.614844 0.015625 0.042188
7 0.728125 0.644531 0.015625 0.045312
