0 0.108594 0.557031 0.048438 0.067187
0 0.251563 0.549219 0.065625 0.051562
0 0.317188 0.542969 0.006250 0.032813
0 0.707812 0.572656 0.009375 0.073438
2 0.358594 0.577344 0.089063 0.107813
2 0.469531 0.568750 0.070312 0.087500
3 0.962500 0.567187 0.056250 0.100000
4 0.290625 0.374219 0.415625 0.370312
5 0.293750 0.502344 0.003125 0.029687
5 0.845313 0.596094 0.015625 0.017188
7 0.146094 0.560156 0.010937 0.032813
7 0.793750 0.578125 0.015625 0.037500
8 0.414844 0.560937 0.035937 0.009375
8 0.277344 0.578125 0.073438 0.018750
8 0.057031 0.611719 0.114062 0.039062
8 0.794531 0.837500 0.401562 0.321875
