0 0.375781 0.691406 0.042188 0.045312
0 0.264062 0.695312 0.018750 0.037500
0 0.696094 0.738281 0.079687 0.114062
0 0.748437 0.718750 0.012500 0.050000
2 0.410156 0.746875 0.282813 0.162500
2 0.182031 0.711719 0.145313 0.089063
2 0.484375 0.682813 0.037500 0.021875
2 0.017969 0.721875 0.035937 0.087500
2 0.605469 0.700781 0.089063 0.042188
3 0.755469 0.733594 0.045312 0.064062
3 0.646094 0.735156 0.098437 0.051562
3 0.962500 0.843750 0.071875 0.253125
4 0.513281 0.664062 0.057813 0.071875
4 0.359375 0.720313 0.140625 0.087500
5 0.935937 0.394531 0.125000 0.195312
5 0.924219 0.515625 0.148438 0.115625
5 0.717187 0.621094 0.018750 0.039062
5 0.150781 0.616406 0.045312 0.026562
5 0.357031 0.658594 0.070312 0.042188
8 0.350781 0.789062 0.135937 0.118750
8 0.139063 0.883594 0.278125 0.229687
