0 0.342187 0.635938 0.015625 0.059375
2 0.574219 0.655469 0.154688 0.107813
2 0.646094 0.614844 0.010937 0.010937
4 0.485938 0.617969 0.012500 0.023438
5 0.915625 0.438281 0.028125 0.054688
5 0.262500 0.482812 0.184375 0.112500
5 0.397656 0.517188 0.135937 0.156250
5 0.930469 0.564063 0.135937 0.084375
5 0.279687 0.550000 0.053125 0.018750
5 0.498437 0.576562 0.059375 0.050000
5 0.771094 0.581250 0.095312 0.050000
7 0.728906 0.629687 0.007812 0.015625
7 0.887500 0.664844 0.093750 0.048438
8 0.823438 0.817187 0.350000 0.362500
