0 0.088281 0.700781 0.017188 0.060937
2 0.431250 0.714063 0.234375 0.112500
4 0.664844 0.552344 0.073438 0.117188
4 0.316406 0.572656 0.010937 0.045312
4 0.507812 0.673438 0.025000 0.053125
5 0.174219 0.496875 0.057813 0.096875
5 0.030469 0.542969 0.060937 0.057813
5 0.650000 0.562500 0.078125 0.046875
5 0.331250 0.636719 0.059375 0.167187
5 0.157031 0.678125 0.010937 0.068750
5 0.049219 0.667969 0.045312 0.042188
5 0.776563 0.686719 0.084375 0.042188
5 0.557031 0.693750 0.064062 0.031250
8 0.394531 0.675781 0.020313 0.017188
8 0.495312 0.688281 0.009375 0.017188
