0 0.378125 0.639844 0.059375 0.260937
0 0.264062 0.562500 0.021875 0.068750
0 0.511719 0.593750 0.092188 0.065625
0 0.951562 0.655469 0.031250 0.064062
2 0.132812 0.592187 0.265625 0.121875
2 0.635938 0.596875 0.031250 0.021875
2 0.852344 0.653906 0.189062 0.129688
3 0.646875 0.608594 0.012500 0.017188
3 0.809375 0.659375 0.050000 0.043750
4 0.571875 0.470313 0.121875 0.168750
4 0.525000 0.557813 0.050000 0.084375
4 0.310937 0.627344 0.090625 0.020313
5 0.588281 0.532031 0.023438 0.214062
5 0.849219 0.614062 0.004687 0.028125
6 0.183594 0.210156 0.145313 0.323437
6 0.124219 0.539844 0.039062 0.135937
6 0.292187 0.782031 0.087500 0.020313
