0 0.885938 0.515625 0.225000 0.965625
0 0.292187 0.541406 0.100000 0.329688
0 0.021094 0.508594 0.042188 0.245312
0 0.655469 0.612500 0.082812 0.437500
0 0.475000 0.542969 0.037500 0.254688
0 0.110937 0.511719 0.075000 0.135937
0 0.214062 0.527344 0.031250 0.157812
2 0.033594 0.503125 0.054688 0.175000
2 0.396875 0.541406 0.115625 0.117188
2 0.757812 0.552344 0.125000 0.132812
4 0.562500 0.262500 0.253125 0.412500
5 0.096875 0.069531 0.093750 0.089063
5 0.264062 0.267188 0.018750 0.209375
5 0.117969 0.362500 0.235937 0.184375
5 0.733594 0.435156 0.154688 0.048438
6 0.508594 0.730469 0.154688 0.076563
6 0.610156 0.787500 0.060937 0.028125
6 0.142969 0.887500 0.285938 0.090625
