0 0.837500 0.766406 0.115625 0.335938
0 0.550000 0.698438 0.018750 0.065625
0 0.333594 0.696094 0.007812 0.032813
0 0.430469 0.696094 0.007812 0.023438
0 0.990625 0.714063 0.015625 0.059375
2 0.191406 0.690625 0.164062 0.093750
2 0.685937 0.733594 0.221875 0.123438
2 0.914062 0.725781 0.128125 0.107813
2 0.009375 0.701562 0.018750 0.053125
3 0.112500 0.706250 0.028125 0.053125
4 0.502344 0.592187 0.004687 0.031250
4 0.810937 0.628125 0.196875 0.100000
4 0.971875 0.651563 0.053125 0.134375
5 0.655469 0.572656 0.045312 0.085938
5 0.020313 0.622656 0.040625 0.095312
5 0.910937 0.669531 0.103125 0.064062
5 0.310937 0.683594 0.037500 0.079687
