0 0.845313 0.733594 0.028125 0.070312
0 0.996094 0.728906 0.004687 0.057813
0 0.672656 0.735156 0.007812 0.014063
2 0.984375 0.710938 0.028125 0.081250
2 0.429688 0.742188 0.246875 0.075000
2 0.603906 0.746094 0.045312 0.054688
2 0.296094 0.758594 0.014063 0.023438
2 0.989062 0.919531 0.018750 0.157812
4 0.607812 0.680469 0.159375 0.123438
5 0.044531 0.556250 0.032813 0.140625
5 0.382812 0.649219 0.062500 0.123438
5 0.254688 0.692969 0.112500 0.032813
5 0.525781 0.698438 0.010937 0.025000
5 0.346875 0.716406 0.018750 0.014063
6 0.657031 0.819531 0.039062 0.004687
6 0.449219 0.826562 0.064062 0.009375
6 0.806250 0.839844 0.053125 0.007812
6 0.946094 0.941406 0.073438 0.020313
7 0.692187 0.748437 0.006250 0.031250
7 0.139844 0.749219 0.017188 0.026562
