0 0.943750 0.530469 0.087500 0.351562
0 0.773438 0.523438 0.031250 0.062500
1 0.991406 0.487500 0.007812 0.037500
1 0.635938 0.533594 0.021875 0.048438
2 0.489063 0.534375 0.084375 0.053125
2 0.641406 0.524219 0.054688 0.020313
2 0.250000 0.550781 0.025000 0.023438
4 0.458594 0.374219 0.270313 0.385937
4 0.662500 0.412500 0.178125 0.262500
5 0.017188 0.463281 0.018750 0.020313
5 0.849219 0.496094 0.014063 0.026562
5 0.679688 0.512500 0.006250 0.025000
6 0.132812 0.637500 0.025000 0.006250
7 0.816406 0.525000 0.010937 0.050000
7 0.434375 0.543750 0.021875 0.031250
