0 0.832812 0.775781 0.087500 0.104688
0 0.784375 0.789062 0.009375 0.078125
0 0.615625 0.834375 0.012500 0.081250
0 0.165625 0.873437 0.031250 0.081250
2 0.861719 0.763281 0.098437 0.073438
2 0.076563 0.885938 0.153125 0.225000
2 0.598437 0.821875 0.053125 0.040625
2 0.507812 0.857812 0.068750 0.096875
2 0.332031 0.914062 0.276562 0.165625
4 0.818750 0.309375 0.212500 0.503125
4 0.384375 0.721875 0.225000 0.246875
4 0.796875 0.719531 0.046875 0.154688
4 0.560156 0.760156 0.123438 0.135937
5 0.943750 0.626563 0.106250 0.268750
5 0.697656 0.760156 0.173437 0.245312
5 0.626563 0.703125 0.028125 0.015625
5 0.854688 0.728125 0.018750 0.012500
5 0.627344 0.822656 0.007812 0.035937
5 0.205469 0.821875 0.089063 0.028125
7 0.675000 0.846094 0.031250 0.098437
