0 0.471875 0.675000 0.015625 0.021875
0 0.173437 0.720313 0.068750 0.071875
2 0.550000 0.690625 0.050000 0.025000
2 0.096875 0.710156 0.065625 0.014063
4 0.160938 0.552344 0.128125 0.179688
4 0.344531 0.603906 0.214062 0.198437
4 0.050000 0.675781 0.018750 0.085938
5 0.864062 0.537500 0.059375 0.050000
5 0.700781 0.616406 0.064062 0.123438
5 0.617969 0.637500 0.092188 0.084375
5 0.132812 0.626563 0.025000 0.059375
5 0.479687 0.613281 0.018750 0.032813
6 0.828906 0.807031 0.060937 0.014063
6 0.259375 0.824219 0.046875 0.014063
