0 0.189844 0.415625 0.004687 0.037500
0 0.592969 0.420312 0.051562 0.046875
1 0.435156 0.525000 0.010937 0.059375
2 0.071094 0.435937 0.142187 0.106250
2 0.496094 0.419531 0.017188 0.035937
2 0.296875 0.422656 0.056250 0.039062
3 0.710156 0.422656 0.039062 0.051562
3 0.240625 0.422656 0.012500 0.032813
4 0.885156 0.397656 0.104688 0.795312
4 0.492188 0.290625 0.103125 0.293750
4 0.153125 0.421875 0.031250 0.025000
5 0.577344 0.378125 0.004687 0.021875
5 0.009375 0.396094 0.018750 0.017188
6 0.347656 0.587500 0.064062 0.025000
