0 0.897656 0.543750 0.032813 0.028125
2 0.801562 0.617969 0.368750 0.167187
2 0.499219 0.596094 0.139063 0.101562
2 0.339844 0.608594 0.082812 0.089063
2 0.035156 0.605469 0.070312 0.039062
2 0.754687 0.621094 0.056250 0.029687
4 0.732812 0.390625 0.287500 0.321875
4 0.417969 0.484375 0.289062 0.312500
4 0.199219 0.601562 0.023438 0.081250
4 0.087500 0.646094 0.175000 0.167187
4 0.718750 0.657031 0.106250 0.098437
5 0.079687 0.496094 0.159375 0.142187
5 0.883594 0.478125 0.057813 0.084375
5 0.780469 0.513281 0.010937 0.014063
5 0.168750 0.543750 0.009375 0.040625
5 0.460938 0.554688 0.015625 0.006250
6 0.468750 0.827344 0.106250 0.026562
