0 0.614062 0.095312 0.006250 0.025000
2 0.532813 0.092188 0.087500 0.059375
2 0.467187 0.123438 0.025000 0.028125
4 0.151562 0.079687 0.303125 0.159375
4 0.586719 0.062500 0.173437 0.125000
4 0.725781 0.117188 0.098437 0.028125
5 0.645312 0.035156 0.015625 0.023438
5 0.903906 0.176563 0.029687 0.096875
5 0.778906 0.229687 0.035937 0.050000
7 0.439844 0.139063 0.067187 0.078125
7 0.803125 0.302344 0.046875 0.085938
8 0.400000 0.490625 0.087500 0.362500
8 0.732031 0.386719 0.123438 0.089063
8 0.841406 0.567969 0.101562 0.035937
