0 0.107031 0.619531 0.148438 0.617188
0 0.320312 0.360156 0.043750 0.076563
0 0.662500 0.390625 0.078125 0.081250
0 0.809375 0.511719 0.078125 0.276562
0 0.207813 0.397656 0.006250 0.035937
0 0.988281 0.486719 0.020313 0.123438
1 0.317969 0.445312 0.045312 0.134375
1 0.647656 0.400000 0.014063 0.040625
1 0.201563 0.450781 0.025000 0.101562
2 0.504687 0.396094 0.146875 0.254688
2 0.374219 0.339844 0.007812 0.020313
4 0.871875 0.353125 0.156250 0.062500
4 0.733594 0.350000 0.098437 0.037500
5 0.978906 0.067187 0.039062 0.056250
6 0.425781 0.443750 0.020313 0.012500
6 0.741406 0.455469 0.045312 0.010937
6 0.610938 0.500781 0.071875 0.057813
6 0.198437 0.532031 0.031250 0.020313
6 0.906250 0.649219 0.175000 0.089063
6 0.970313 0.763281 0.056250 0.060937
