2 0.910937 0.645312 0.175000 0.237500
2 0.462500 0.689844 0.265625 0.101562
2 0.675000 0.692969 0.134375 0.101562
2 0.803125 0.655469 0.053125 0.014063
3 0.452344 0.673438 0.010937 0.028125
4 0.174219 0.441406 0.348438 0.401562
4 0.516406 0.622656 0.170313 0.051562
5 0.139063 0.121875 0.184375 0.243750
5 0.355469 0.300000 0.032813 0.037500
5 0.886719 0.385937 0.023438 0.025000
5 0.415625 0.485938 0.078125 0.109375
5 0.989844 0.465625 0.017188 0.043750
5 0.363281 0.585156 0.029687 0.045312
8 0.176563 0.681250 0.353125 0.134375
8 0.603906 0.675781 0.017188 0.017188
8 0.782031 0.703906 0.089063 0.048438
