0 0.125781 0.645312 0.082812 0.318750
0 0.273438 0.674219 0.068750 0.176563
0 0.396875 0.680469 0.071875 0.107813
0 0.455469 0.666406 0.007812 0.029687
0 0.807813 0.712500 0.093750 0.087500
2 0.611719 0.707031 0.229687 0.120313
4 0.738281 0.648438 0.089063 0.159375
5 0.246094 0.176563 0.204687 0.353125
5 0.351562 0.098437 0.015625 0.050000
5 0.025781 0.232813 0.051562 0.112500
5 0.253125 0.530469 0.037500 0.082812
5 0.949219 0.541406 0.098437 0.073438
5 0.357812 0.571094 0.006250 0.020313
5 0.755469 0.601562 0.017188 0.021875
5 0.228125 0.676562 0.025000 0.059375
6 0.460156 0.770312 0.060937 0.012500
7 0.452344 0.694531 0.010937 0.032813
