0 0.010156 0.588281 0.017188 0.057813
0 0.186719 0.577344 0.014063 0.017188
1 0.750000 0.684375 0.040625 0.093750
1 0.859375 0.690625 0.078125 0.093750
2 0.210156 0.589844 0.042188 0.039062
2 0.939063 0.710156 0.118750 0.129688
3 0.246875 0.600000 0.062500 0.059375
4 0.136719 0.564844 0.051562 0.035937
5 0.899219 0.361719 0.017188 0.079687
5 0.056250 0.362500 0.018750 0.018750
5 0.435156 0.523438 0.267188 0.218750
5 0.774219 0.477344 0.335938 0.101562
5 0.064844 0.510938 0.067187 0.034375
6 0.032813 0.689844 0.028125 0.007812
6 0.710156 0.752344 0.142187 0.017188
7 0.187500 0.614844 0.018750 0.045312
