0 0.928125 0.760938 0.068750 0.271875
0 0.783594 0.746094 0.054688 0.185938
0 0.564844 0.755469 0.023438 0.051562
2 0.405469 0.815625 0.214062 0.250000
2 0.067187 0.794531 0.131250 0.107813
2 0.198437 0.776563 0.096875 0.059375
4 0.188281 0.674219 0.376563 0.257812
5 0.971875 0.411719 0.053125 0.098437
5 0.817969 0.492969 0.235937 0.207813
5 0.667188 0.532813 0.121875 0.200000
5 0.554688 0.678906 0.196875 0.342187
5 0.585938 0.602344 0.062500 0.054688
5 0.489063 0.742188 0.009375 0.025000
7 0.535156 0.753125 0.014063 0.034375
