1 0.689063 0.672656 0.009375 0.045312
2 0.422656 0.690625 0.198437 0.190625
4 0.242969 0.557813 0.045312 0.034375
5 0.123438 0.300781 0.075000 0.151562
5 0.984375 0.420312 0.028125 0.062500
5 0.845313 0.475000 0.084375 0.087500
5 0.057031 0.557813 0.114062 0.234375
5 0.150781 0.544531 0.104688 0.135937
5 0.544531 0.589063 0.079687 0.068750
5 0.775781 0.612500 0.070312 0.100000
5 0.447656 0.596094 0.010937 0.010937
5 0.713281 0.621094 0.010937 0.060937
5 0.298438 0.621094 0.043750 0.032813
7 0.526563 0.658594 0.009375 0.017188
7 0.320312 0.662500 0.012500 0.012500
