0 0.132812 0.754687 0.068750 0.068750
0 0.046094 0.764062 0.048438 0.078125
1 0.029687 0.773438 0.043750 0.034375
2 0.290625 0.722656 0.209375 0.189062
2 0.578906 0.739062 0.120313 0.112500
2 0.471094 0.746094 0.089063 0.089063
4 0.663281 0.485938 0.301563 0.403125
4 0.626563 0.637500 0.181250 0.215625
4 0.753906 0.637500 0.176563 0.209375
5 0.936719 0.067969 0.123438 0.107813
5 0.935156 0.171875 0.126562 0.150000
5 0.444531 0.524219 0.035937 0.007812
5 0.679688 0.665625 0.040625 0.096875
5 0.073438 0.711719 0.015625 0.029687
6 0.443750 0.968750 0.096875 0.034375
