0 0.750781 0.475781 0.007812 0.023438
0 0.667969 0.485938 0.010937 0.025000
1 0.114844 0.769531 0.170313 0.389062
1 0.032031 0.929688 0.064062 0.137500
2 0.628125 0.494531 0.068750 0.026562
2 0.520312 0.511719 0.050000 0.023438
2 0.217969 0.564063 0.035937 0.034375
2 0.050000 0.593750 0.056250 0.043750
3 0.679688 0.488281 0.009375 0.017188
3 0.131250 0.567187 0.018750 0.018750
4 0.827344 0.428125 0.042188 0.062500
4 0.453906 0.499219 0.101562 0.045312
4 0.371094 0.515625 0.020313 0.040625
5 0.856250 0.340625 0.053125 0.037500
5 0.268750 0.431250 0.046875 0.028125
5 0.699219 0.443750 0.014063 0.009375
5 0.502344 0.463281 0.020313 0.014063
5 0.298438 0.539844 0.084375 0.029687
5 0.218750 0.547656 0.028125 0.010937
