0 0.376563 0.423438 0.006250 0.037500
0 0.297656 0.488281 0.014063 0.054688
0 0.168750 0.567187 0.034375 0.078125
2 0.405469 0.429688 0.039062 0.028125
2 0.373437 0.782031 0.359375 0.432812
4 0.971875 0.226562 0.053125 0.153125
4 0.120313 0.300781 0.240625 0.082812
5 0.262500 0.260156 0.125000 0.185938
5 0.615625 0.343750 0.068750 0.100000
5 0.331250 0.361719 0.012500 0.026562
5 0.082031 0.403906 0.089063 0.045312
5 0.436719 0.407031 0.014063 0.010937
5 0.948438 0.471094 0.046875 0.042188
5 0.257812 0.494531 0.053125 0.076563
5 0.162500 0.528125 0.021875 0.056250
7 0.277344 0.534375 0.017188 0.046875
