0 0.513281 0.485938 0.023438 0.028125
2 0.113281 0.457813 0.226562 0.109375
2 0.209375 0.424219 0.021875 0.010937
2 0.557813 0.500000 0.168750 0.075000
2 0.717969 0.492969 0.135937 0.039062
4 0.436719 0.412500 0.204687 0.171875
4 0.724219 0.389844 0.145313 0.060937
4 0.070312 0.386719 0.056250 0.035937
4 0.014844 0.440625 0.029687 0.065625
5 0.947656 0.389844 0.023438 0.029687
5 0.859375 0.423438 0.021875 0.018750
5 0.680469 0.439063 0.042188 0.018750
5 0.588281 0.450781 0.014063 0.014063
6 0.905469 0.658594 0.117188 0.023438
7 0.799219 0.497656 0.010937 0.023438
