0 0.867188 0.481250 0.006250 0.037500
0 0.986719 0.542969 0.023438 0.142187
0 0.708594 0.517969 0.073438 0.064062
0 0.644531 0.519531 0.010937 0.054688
0 0.420312 0.559375 0.043750 0.093750
0 0.215625 0.600000 0.081250 0.125000
0 0.030469 0.582031 0.060937 0.057813
1 0.882031 0.623437 0.014063 0.090625
2 0.855469 0.496094 0.148438 0.104688
2 0.508594 0.528125 0.029687 0.046875
2 0.401562 0.553125 0.040625 0.078125
2 0.081250 0.671875 0.162500 0.153125
4 0.483594 0.471094 0.107813 0.070312
5 0.931250 0.403906 0.053125 0.073438
5 0.733594 0.393750 0.110937 0.034375
5 0.643750 0.420312 0.050000 0.028125
5 0.414844 0.446094 0.017188 0.045312
5 0.128125 0.547656 0.137500 0.151562
5 0.227344 0.490625 0.035937 0.018750
6 0.873437 0.660937 0.100000 0.050000
7 0.692969 0.527344 0.007812 0.032813
7 0.267188 0.606250 0.018750 0.059375
