0 0.892188 0.561719 0.081250 0.248438
0 0.623437 0.582031 0.112500 0.201563
0 0.180469 0.590625 0.082812 0.106250
1 0.221875 0.605469 0.015625 0.039062
2 0.592969 0.535937 0.010937 0.037500
3 0.952344 0.567969 0.092188 0.154688
3 0.835938 0.565625 0.087500 0.146875
3 0.726562 0.543750 0.096875 0.084375
4 0.307812 0.172656 0.025000 0.054688
4 0.300781 0.407031 0.035937 0.167187
4 0.075781 0.525000 0.070312 0.128125
5 0.886719 0.234375 0.223438 0.400000
5 0.144531 0.440625 0.289062 0.246875
5 0.731250 0.421875 0.068750 0.112500
5 0.675000 0.487500 0.021875 0.053125
