0 0.119531 0.680469 0.239063 0.635938
0 0.939063 0.728906 0.118750 0.539062
0 0.392188 0.587500 0.140625 0.103125
0 0.485938 0.584375 0.034375 0.087500
0 0.666406 0.569531 0.014063 0.020313
0 0.011719 0.935156 0.023438 0.060937
0 0.937500 0.968750 0.059375 0.059375
1 0.296875 0.571094 0.018750 0.026562
2 0.502344 0.578906 0.054688 0.060937
2 0.690625 0.575000 0.037500 0.040625
3 0.321094 0.616406 0.201563 0.164062
3 0.514062 0.560156 0.021875 0.017188
3 0.875000 0.647656 0.056250 0.085938
4 0.300781 0.427344 0.329688 0.226562
5 0.136719 0.108594 0.039062 0.129688
5 0.878125 0.130469 0.059375 0.142187
5 0.632031 0.363281 0.014063 0.107813
5 0.936719 0.522656 0.073438 0.073438
6 0.681250 0.750000 0.056250 0.012500
