2 0.797656 0.793750 0.401562 0.409375
2 0.454688 0.715625 0.165625 0.162500
2 0.550781 0.692187 0.010937 0.034375
3 0.342187 0.688281 0.040625 0.054688
3 0.259375 0.703125 0.025000 0.040625
3 0.576562 0.792969 0.053125 0.110937
4 0.771094 0.493750 0.064062 0.437500
4 0.692969 0.518750 0.060937 0.278125
4 0.671094 0.546094 0.010937 0.020313
5 0.590625 0.222656 0.181250 0.170313
5 0.312500 0.261719 0.056250 0.226562
5 0.700781 0.271875 0.007812 0.071875
5 0.360156 0.455469 0.060937 0.242188
5 0.284375 0.479687 0.031250 0.115625
5 0.108594 0.494531 0.185938 0.132812
5 0.605469 0.605469 0.082812 0.129688
5 0.432812 0.632812 0.043750 0.021875
