0 0.718750 0.617188 0.009375 0.028125
2 0.133594 0.702344 0.245312 0.176563
2 0.492188 0.633594 0.028125 0.023438
4 0.718750 0.584375 0.128125 0.084375
4 0.575781 0.595313 0.082812 0.081250
4 0.916406 0.610156 0.164062 0.035937
5 0.935156 0.442969 0.126562 0.092188
5 0.797656 0.506250 0.076563 0.100000
5 0.048438 0.553125 0.093750 0.131250
5 0.779687 0.545312 0.015625 0.021875
5 0.196875 0.585156 0.025000 0.032813
5 0.587500 0.600000 0.034375 0.028125
5 0.297656 0.607812 0.032813 0.012500
7 0.672656 0.640625 0.007812 0.031250
