0 0.658594 0.557813 0.064062 0.240625
0 0.040625 0.509375 0.046875 0.134375
0 0.380469 0.525000 0.035937 0.087500
1 0.555469 0.549219 0.026562 0.070312
1 0.429688 0.528906 0.018750 0.026562
2 0.192969 0.539062 0.176563 0.112500
2 0.353906 0.509375 0.095312 0.034375
4 0.714844 0.345313 0.148438 0.534375
4 0.885156 0.373437 0.226562 0.334375
4 0.342969 0.468750 0.089063 0.053125
5 0.065625 0.345313 0.106250 0.115625
5 0.640625 0.385156 0.015625 0.026562
5 0.271094 0.445312 0.007812 0.015625
5 0.423438 0.475781 0.087500 0.067187
5 0.069531 0.520312 0.039062 0.071875
6 0.357031 0.626563 0.082812 0.012500
