0 0.940625 0.589063 0.081250 0.178125
0 0.702344 0.532813 0.048438 0.062500
0 0.469531 0.551562 0.098437 0.050000
0 0.568750 0.564844 0.031250 0.073438
0 0.278906 0.554688 0.007812 0.050000
2 0.500000 0.563281 0.109375 0.060937
2 0.171875 0.583594 0.246875 0.092188
2 0.003125 0.576562 0.006250 0.031250
3 0.863281 0.559375 0.079687 0.056250
3 0.536719 0.562500 0.014063 0.037500
3 0.440625 0.621875 0.040625 0.084375
4 0.853906 0.400781 0.117188 0.801562
4 0.267969 0.500781 0.085938 0.101562
4 0.171875 0.495312 0.100000 0.078125
5 0.703125 0.471094 0.006250 0.023438
