0 0.908594 0.580469 0.029687 0.101562
0 0.517969 0.555469 0.051562 0.048438
2 0.253125 0.560937 0.153125 0.103125
2 0.077344 0.564063 0.154688 0.087500
2 0.919531 0.568750 0.082812 0.081250
2 0.444531 0.556250 0.095312 0.050000
5 0.345313 0.342969 0.109375 0.398438
5 0.522656 0.463281 0.060937 0.123438
5 0.649219 0.460156 0.020313 0.060937
5 0.895312 0.508594 0.034375 0.042188
5 0.436719 0.546094 0.014063 0.042188
5 0.792188 0.571094 0.037500 0.064062
6 0.475000 0.714063 0.053125 0.012500
7 0.331250 0.562500 0.006250 0.037500
