0 0.073438 0.810156 0.146875 0.376563
0 0.650781 0.667188 0.051562 0.084375
0 0.530469 0.642188 0.007812 0.031250
0 0.350000 0.764844 0.178125 0.254688
0 0.244531 0.698438 0.020313 0.109375
0 0.478125 0.721875 0.050000 0.121875
0 0.728906 0.728125 0.026562 0.087500
1 0.324219 0.714844 0.032813 0.026562
1 0.810156 0.818750 0.039062 0.106250
2 0.618750 0.639844 0.046875 0.051562
2 0.496094 0.642969 0.060937 0.039062
3 0.565625 0.700781 0.031250 0.051562
3 0.297656 0.800781 0.135937 0.176563
4 0.853125 0.456250 0.290625 0.403125
4 0.664844 0.534375 0.054688 0.046875
5 0.516406 0.597656 0.010937 0.010937
5 0.242969 0.623437 0.014063 0.043750
