0 0.292187 0.543750 0.028125 0.021875
0 0.419531 0.602344 0.082812 0.085938
0 0.552344 0.686719 0.151562 0.173437
0 0.682813 0.689844 0.103125 0.101562
0 0.961719 0.732812 0.029687 0.096875
0 0.769531 0.755469 0.042188 0.126562
2 0.253906 0.586719 0.157812 0.185938
2 0.111719 0.567969 0.023438 0.067187
2 0.389844 0.651563 0.107813 0.125000
4 0.719531 0.512500 0.014063 0.028125
5 0.793750 0.476562 0.109375 0.112500
5 0.330469 0.504687 0.051562 0.028125
5 0.469531 0.521094 0.007812 0.039062
5 0.706250 0.582031 0.146875 0.092188
5 0.776563 0.564844 0.125000 0.054688
6 0.178125 0.739844 0.046875 0.014063
