0 0.144531 0.746875 0.014063 0.034375
1 0.162500 0.775000 0.031250 0.037500
2 0.815625 0.785156 0.200000 0.201563
2 0.641406 0.750781 0.089063 0.123438
2 0.395313 0.789844 0.171875 0.185938
2 0.535156 0.759375 0.085938 0.100000
2 0.971094 0.891406 0.054688 0.214062
4 0.128125 0.648438 0.256250 0.228125
4 0.701562 0.650781 0.087500 0.157812
4 0.548438 0.667969 0.125000 0.098437
4 0.028125 0.728125 0.056250 0.171875
5 0.054688 0.625781 0.093750 0.042188
5 0.316406 0.641406 0.004687 0.048438
5 0.613281 0.692969 0.004687 0.032813
5 0.092969 0.731250 0.039062 0.043750
6 0.121875 0.989062 0.090625 0.018750
7 0.116406 0.768750 0.007812 0.025000
