0 0.238281 0.468750 0.129688 0.165625
0 0.345313 0.441406 0.046875 0.098437
0 0.129688 0.481250 0.018750 0.128125
0 0.893750 0.506250 0.012500 0.056250
0 0.986719 0.550781 0.010937 0.070312
2 0.579688 0.475781 0.312500 0.160938
2 0.054688 0.535156 0.109375 0.226562
4 0.727344 0.324219 0.179688 0.335938
4 0.954688 0.367969 0.012500 0.042188
5 0.075781 0.033594 0.151562 0.067187
5 0.330469 0.270313 0.117188 0.165625
5 0.889844 0.403906 0.217188 0.151562
5 0.732812 0.402344 0.087500 0.039062
5 0.628906 0.402344 0.042188 0.020313
6 0.318750 0.618750 0.062500 0.025000
6 0.816406 0.981250 0.110937 0.034375
7 0.306250 0.492188 0.012500 0.071875
7 0.834375 0.538281 0.031250 0.092188
8 0.357812 0.328906 0.009375 0.017188
8 0.763281 0.531250 0.064062 0.078125
