0 0.332031 0.705469 0.054688 0.042188
0 0.167187 0.714844 0.028125 0.057813
1 0.682031 0.755469 0.070312 0.048438
2 0.183594 0.696875 0.017188 0.015625
2 0.500781 0.734375 0.039062 0.043750
4 0.295312 0.610938 0.134375 0.271875
4 0.374219 0.640625 0.170313 0.212500
4 0.138281 0.646875 0.207813 0.071875
5 0.823438 0.060937 0.059375 0.121875
5 0.853125 0.234375 0.215625 0.318750
5 0.955469 0.225000 0.067187 0.103125
5 0.695312 0.488281 0.078125 0.095312
5 0.540625 0.674219 0.018750 0.035937
5 0.747656 0.814844 0.014063 0.076563
6 0.063281 0.828906 0.048438 0.010937
6 0.492969 0.940625 0.076563 0.084375
7 0.393750 0.728906 0.028125 0.045312
