0 0.943750 0.675781 0.040625 0.120313
0 0.126562 0.670312 0.040625 0.056250
0 0.047656 0.685937 0.032813 0.078125
2 0.290625 0.690625 0.387500 0.125000
2 0.694531 0.696875 0.392188 0.128125
3 0.732031 0.663281 0.023438 0.020313
3 0.074219 0.725781 0.117188 0.104688
4 0.617188 0.528906 0.381250 0.273438
5 0.095312 0.581250 0.171875 0.053125
5 0.210938 0.597656 0.034375 0.032813
5 0.317188 0.598437 0.031250 0.028125
5 0.708594 0.609375 0.073438 0.025000
5 0.420312 0.617188 0.003125 0.031250
7 0.940625 0.671094 0.084375 0.129688
