1 0.293750 0.725781 0.103125 0.026562
1 0.355469 0.728125 0.010937 0.021875
2 0.962500 0.679688 0.062500 0.009375
2 0.603125 0.714844 0.175000 0.057813
2 0.422656 0.744531 0.110937 0.089063
2 0.121875 0.798438 0.243750 0.162500
3 0.572656 0.733594 0.023438 0.054688
4 0.851562 0.355469 0.293750 0.057813
4 0.356250 0.392969 0.556250 0.076563
4 0.498437 0.580469 0.221875 0.207813
4 0.352344 0.585156 0.207813 0.204687
4 0.953906 0.639062 0.089063 0.062500
7 0.375000 0.732031 0.012500 0.020313
8 0.852344 0.746875 0.292187 0.125000
