0 0.412500 0.621094 0.096875 0.232813
0 0.651563 0.605469 0.115625 0.182812
0 0.535937 0.606250 0.059375 0.171875
0 0.234375 0.643750 0.150000 0.228125
0 0.133594 0.651563 0.085938 0.225000
0 0.910156 0.585938 0.026562 0.090625
4 0.759375 0.285938 0.109375 0.046875
4 0.839844 0.310156 0.032813 0.020313
4 0.215625 0.383594 0.028125 0.029687
4 0.659375 0.614844 0.012500 0.039062
5 0.917188 0.440625 0.096875 0.075000
5 0.410938 0.464844 0.131250 0.039062
5 0.110937 0.527344 0.181250 0.154688
6 0.608594 0.740625 0.076563 0.012500
