0 0.795312 0.571875 0.006250 0.018750
0 0.630469 0.597656 0.054688 0.060937
0 0.484375 0.589063 0.006250 0.028125
1 0.560937 0.613281 0.021875 0.026562
2 0.393750 0.579688 0.090625 0.093750
2 0.779687 0.687500 0.306250 0.218750
2 0.323437 0.610938 0.046875 0.059375
2 0.167969 0.656250 0.242188 0.143750
4 0.259375 0.548438 0.137500 0.065625
5 0.885156 0.516406 0.123438 0.129688
5 0.598437 0.546875 0.084375 0.018750
5 0.506250 0.548438 0.037500 0.018750
5 0.046094 0.561719 0.039062 0.029687
5 0.143750 0.571094 0.015625 0.010937
7 0.541406 0.607031 0.076563 0.032813
7 0.625781 0.617188 0.014063 0.037500
