0 0.846094 0.695312 0.079687 0.153125
0 0.332031 0.641406 0.007812 0.035937
0 0.721094 0.646094 0.023438 0.045312
0 0.629687 0.689063 0.065625 0.121875
1 0.149219 0.668750 0.020313 0.046875
1 0.269531 0.672656 0.017188 0.035937
1 0.700000 0.720313 0.065625 0.112500
1 0.556250 0.719531 0.068750 0.064062
1 0.007031 0.712500 0.014063 0.040625
2 0.384375 0.663281 0.087500 0.101562
2 0.461719 0.634375 0.014063 0.021875
2 0.555469 0.646875 0.010937 0.025000
3 0.607812 0.663281 0.018750 0.039062
3 0.928125 0.734375 0.043750 0.068750
4 0.371875 0.576562 0.078125 0.071875
5 0.068750 0.518750 0.046875 0.025000
5 0.675781 0.585938 0.026562 0.018750
5 0.282031 0.594531 0.039062 0.020313
7 0.071094 0.689063 0.017188 0.059375
