0 0.218750 0.245312 0.084375 0.062500
0 0.374219 0.256250 0.035937 0.034375
0 0.068750 0.346094 0.137500 0.210938
0 0.657813 0.314844 0.084375 0.076563
2 0.306250 0.347656 0.312500 0.229687
2 0.112500 0.251563 0.012500 0.028125
2 0.589844 0.419531 0.257812 0.242188
2 0.324219 0.875781 0.414062 0.245312
4 0.782813 0.033594 0.106250 0.067187
4 0.486719 0.089063 0.073438 0.062500
4 0.307812 0.232813 0.056250 0.018750
5 0.367188 0.210156 0.259375 0.073438
5 0.566406 0.203125 0.089063 0.056250
5 0.121094 0.217969 0.117188 0.051562
5 0.698438 0.290625 0.150000 0.093750
6 0.015625 0.457813 0.031250 0.015625
