0 0.747656 0.537500 0.070312 0.090625
0 0.325000 0.595313 0.031250 0.071875
0 0.143750 0.674219 0.046875 0.085938
0 0.033594 0.682031 0.039062 0.079687
2 0.683594 0.557813 0.064062 0.056250
2 0.917188 0.609375 0.162500 0.131250
2 0.055469 0.629687 0.110937 0.168750
2 0.483594 0.617969 0.173437 0.089063
2 0.198437 0.658594 0.100000 0.104688
2 0.296875 0.667969 0.081250 0.079687
4 0.110156 0.148438 0.220312 0.296875
4 0.747656 0.030469 0.126562 0.060937
4 0.916406 0.450000 0.164062 0.159375
4 0.481250 0.561719 0.018750 0.029687
4 0.131250 0.629687 0.081250 0.012500
4 0.147656 0.766406 0.045312 0.101562
5 0.846875 0.137500 0.153125 0.081250
5 0.039844 0.272656 0.079687 0.135937
7 0.287500 0.603906 0.015625 0.035937
7 0.184375 0.607812 0.009375 0.025000
