0 0.182812 0.649219 0.012500 0.017188
0 0.287500 0.691406 0.021875 0.026562
2 0.495312 0.703125 0.137500 0.193750
2 0.223438 0.702344 0.146875 0.064062
4 0.137500 0.421094 0.275000 0.229687
4 0.462500 0.421875 0.037500 0.018750
4 0.072656 0.606250 0.145313 0.293750
4 0.040625 0.574219 0.018750 0.042188
5 0.325000 0.641406 0.181250 0.089063
5 0.536719 0.653125 0.160938 0.062500
5 0.941406 0.725000 0.114062 0.168750
5 0.746875 0.710938 0.009375 0.053125
6 0.575000 0.829688 0.075000 0.015625
7 0.410156 0.680469 0.007812 0.023438
