0 0.707812 0.483594 0.071875 0.085938
0 0.926562 0.578125 0.046875 0.218750
1 0.298438 0.493750 0.118750 0.100000
2 0.410938 0.420312 0.106250 0.021875
2 0.310937 0.433594 0.075000 0.035937
2 0.728125 0.459375 0.196875 0.056250
2 0.861719 0.471094 0.051562 0.045312
3 0.709375 0.448437 0.012500 0.025000
4 0.202344 0.208594 0.185938 0.417187
5 0.149219 0.490625 0.023438 0.053125
6 0.507031 0.544531 0.020313 0.004687
6 0.627344 0.788281 0.082812 0.032813
7 0.316406 0.428906 0.017188 0.029687
7 0.821875 0.576562 0.040625 0.115625
