0 0.927344 0.299219 0.142187 0.160938
0 0.144531 0.348438 0.167187 0.240625
0 0.824219 0.316406 0.051562 0.129688
0 0.407813 0.317969 0.015625 0.073438
0 0.149219 0.457031 0.020313 0.029687
0 0.076563 0.508594 0.046875 0.089063
2 0.880469 0.270313 0.120313 0.078125
2 0.167969 0.264844 0.010937 0.042188
2 0.795312 0.287500 0.025000 0.043750
2 0.503906 0.642188 0.401562 0.712500
2 0.700000 0.409375 0.140625 0.134375
3 0.580469 0.342187 0.035937 0.034375
5 0.096094 0.190625 0.070312 0.056250
5 0.725000 0.226562 0.012500 0.009375
6 0.918750 0.417187 0.043750 0.009375
