0 0.332031 0.619531 0.010937 0.020313
0 0.034375 0.651563 0.068750 0.065625
0 0.774219 0.639844 0.007812 0.032813
1 0.171875 0.646094 0.025000 0.029687
2 0.510938 0.746094 0.321875 0.304688
2 0.110156 0.660937 0.079687 0.084375
2 0.678125 0.650000 0.040625 0.046875
3 0.928906 0.676562 0.135937 0.078125
4 0.084375 0.561719 0.168750 0.164062
4 0.569531 0.560937 0.014063 0.153125
5 0.261719 0.265625 0.067187 0.012500
5 0.180469 0.373437 0.020313 0.121875
5 0.289062 0.614062 0.034375 0.140625
5 0.179688 0.660156 0.018750 0.039062
7 0.375000 0.664844 0.015625 0.045312
