2 0.153125 0.647656 0.071875 0.048438
2 0.343750 0.657031 0.128125 0.051562
2 0.528906 0.667969 0.145313 0.067187
2 0.801562 0.764062 0.393750 0.250000
4 0.883594 0.607812 0.117188 0.087500
4 0.687500 0.614062 0.271875 0.081250
4 0.602344 0.642188 0.017188 0.025000
5 0.575781 0.578906 0.160938 0.082812
5 0.417969 0.617188 0.017188 0.018750
5 0.776563 0.625781 0.062500 0.020313
5 0.532031 0.628906 0.023438 0.014063
8 0.147656 0.698438 0.295312 0.150000
8 0.461719 0.641406 0.132812 0.035937
8 0.204687 0.630469 0.056250 0.007812
8 0.641406 0.668750 0.076563 0.009375
