0 0.572656 0.680469 0.139063 0.173437
0 0.727344 0.742969 0.079687 0.289062
0 0.434375 0.660156 0.106250 0.095312
0 0.326562 0.660156 0.012500 0.045312
2 0.839063 0.671094 0.318750 0.201563
2 0.953906 0.602344 0.089063 0.054688
2 0.226562 0.661719 0.143750 0.064062
2 0.339062 0.653906 0.015625 0.026562
2 0.075000 0.681250 0.150000 0.059375
4 0.335938 0.463281 0.196875 0.395313
4 0.929688 0.425781 0.137500 0.229687
4 0.257031 0.532031 0.035937 0.023438
5 0.966406 0.531250 0.042188 0.093750
5 0.045312 0.631250 0.018750 0.009375
6 0.761719 0.880469 0.079687 0.035937
