0 0.547656 0.670312 0.020313 0.109375
0 0.920312 0.671875 0.015625 0.087500
0 0.292187 0.681250 0.003125 0.059375
2 0.059375 0.700000 0.118750 0.212500
2 0.750000 0.653906 0.496875 0.120313
2 0.415625 0.660156 0.165625 0.107813
2 0.188281 0.692187 0.139063 0.093750
3 0.276562 0.685937 0.012500 0.046875
4 0.235937 0.537500 0.181250 0.368750
4 0.369531 0.546875 0.073438 0.143750
4 0.714063 0.602344 0.015625 0.020313
5 0.902344 0.117969 0.139063 0.114062
5 0.019531 0.109375 0.023438 0.021875
5 0.399219 0.560156 0.123438 0.298438
5 0.108594 0.536719 0.010937 0.020313
6 0.183594 0.778125 0.051562 0.006250
7 0.357812 0.677344 0.053125 0.082812
7 0.168750 0.680469 0.015625 0.023438
