0 0.858594 0.577344 0.042188 0.164062
1 0.872656 0.609375 0.085938 0.125000
1 0.543750 0.581250 0.018750 0.056250
1 0.715625 0.579688 0.093750 0.050000
2 0.195312 0.578125 0.231250 0.128125
2 0.942969 0.596094 0.110937 0.129688
2 0.514844 0.562500 0.020313 0.018750
4 0.594531 0.384375 0.092188 0.487500
4 0.084375 0.498437 0.168750 0.159375
4 0.164062 0.475781 0.062500 0.082812
4 0.879687 0.547656 0.128125 0.054688
5 0.762500 0.459375 0.087500 0.168750
5 0.961719 0.503125 0.073438 0.062500
5 0.690625 0.549219 0.046875 0.070312
5 0.529687 0.558594 0.006250 0.029687
7 0.752344 0.563281 0.032813 0.045312
