0 0.360156 0.492969 0.179688 0.132812
0 0.698438 0.494531 0.156250 0.110937
0 0.011719 0.497656 0.023438 0.098437
0 0.203125 0.480469 0.084375 0.064062
0 0.476562 0.486719 0.090625 0.060937
0 0.821094 0.507031 0.101562 0.092188
2 0.035937 0.487500 0.071875 0.096875
3 0.103125 0.485156 0.050000 0.054688
4 0.419531 0.222656 0.173437 0.445312
4 0.762500 0.342187 0.159375 0.309375
4 0.407031 0.507031 0.007812 0.092188
4 0.903125 0.495312 0.043750 0.040625
5 0.910937 0.405469 0.175000 0.060937
5 0.690625 0.431250 0.100000 0.071875
5 0.414844 0.421875 0.157812 0.034375
6 0.956250 0.635156 0.050000 0.007812
7 0.473438 0.600781 0.046875 0.098437
