0 0.078125 0.499219 0.156250 0.998437
0 0.957812 0.109375 0.025000 0.043750
0 0.572656 0.371875 0.135937 0.325000
0 0.620313 0.346875 0.031250 0.106250
0 0.383594 0.425000 0.035937 0.171875
2 0.841406 0.426563 0.314063 0.606250
2 0.602344 0.363281 0.064062 0.220312
2 0.294531 0.417187 0.432812 0.240625
2 0.517188 0.436719 0.009375 0.039062
4 0.338281 0.284375 0.070312 0.043750
5 0.221094 0.022656 0.020313 0.045312
5 0.196875 0.269531 0.221875 0.067187
5 0.596094 0.254688 0.073438 0.031250
5 0.225781 0.332813 0.026562 0.037500
6 0.092188 0.919531 0.146875 0.151562
