0 0.241406 0.592969 0.067187 0.270313
0 0.318750 0.574219 0.081250 0.167187
0 0.828125 0.575781 0.090625 0.064062
0 0.589063 0.587500 0.009375 0.040625
2 0.917969 0.628906 0.160938 0.279687
2 0.450000 0.592969 0.215625 0.129688
2 0.184375 0.558594 0.059375 0.048438
2 0.293750 0.571094 0.018750 0.045312
4 0.230469 0.471094 0.148438 0.154688
4 0.934375 0.481250 0.090625 0.125000
5 0.294531 0.132812 0.142187 0.265625
5 0.208594 0.382812 0.032813 0.059375
5 0.397656 0.485938 0.139063 0.093750
5 0.192188 0.518750 0.031250 0.009375
5 0.296875 0.522656 0.018750 0.007812
5 0.611719 0.532031 0.014063 0.023438
5 0.785156 0.535937 0.035937 0.031250
5 0.391406 0.582031 0.004687 0.020313
6 0.178906 0.639844 0.035937 0.010937
6 0.330469 0.702344 0.039062 0.017188
