0 0.408594 0.872656 0.082812 0.085938
0 0.285156 0.878125 0.101562 0.093750
0 0.766406 0.849219 0.010937 0.032813
1 0.268750 0.904687 0.046875 0.068750
2 0.496875 0.851562 0.071875 0.046875
2 0.830469 0.914844 0.335938 0.167187
4 0.516406 0.804688 0.104688 0.081250
4 0.222656 0.878125 0.017188 0.006250
5 0.004687 0.580469 0.009375 0.051562
5 0.230469 0.617188 0.017188 0.075000
5 0.126562 0.678906 0.093750 0.135937
5 0.750781 0.725781 0.092188 0.101562
5 0.251563 0.808594 0.075000 0.079687
5 0.692969 0.826562 0.014063 0.012500
