0 0.210156 0.792188 0.060937 0.281250
0 0.325781 0.762500 0.073438 0.084375
0 0.885156 0.746875 0.057813 0.037500
0 0.725781 0.744531 0.010937 0.026562
1 0.893750 0.755469 0.012500 0.020313
2 0.505469 0.819531 0.414062 0.295312
2 0.094531 0.761719 0.189062 0.135937
2 0.786719 0.746875 0.048438 0.037500
2 0.958594 0.753906 0.079687 0.051562
3 0.839063 0.749219 0.034375 0.026562
4 0.177344 0.589844 0.148438 0.223438
4 0.168750 0.654687 0.003125 0.040625
5 0.829688 0.235937 0.025000 0.065625
5 0.015625 0.647656 0.031250 0.079687
5 0.833594 0.649219 0.014063 0.017188
5 0.480469 0.694531 0.007812 0.020313
5 0.933594 0.726562 0.010937 0.012500
6 0.091406 0.946094 0.139063 0.060937
6 0.353906 0.986719 0.101562 0.023438
