0 0.682813 0.657813 0.009375 0.018750
2 0.861719 0.788281 0.273438 0.414062
2 0.629687 0.687500 0.112500 0.109375
2 0.381250 0.729688 0.387500 0.187500
4 0.106250 0.464062 0.062500 0.034375
4 0.457031 0.592187 0.270313 0.143750
4 0.602344 0.551562 0.020313 0.037500
5 0.142969 0.530469 0.132812 0.095312
5 0.684375 0.553125 0.053125 0.128125
5 0.865625 0.529687 0.112500 0.025000
5 0.603906 0.567969 0.051562 0.051562
5 0.365625 0.623437 0.053125 0.025000
7 0.685937 0.686719 0.009375 0.035937
7 0.182031 0.699219 0.010937 0.042188
