0 0.663281 0.278125 0.020313 0.034375
0 0.878906 0.408594 0.017188 0.026562
0 0.608594 0.478125 0.054688 0.125000
0 0.505469 0.457813 0.017188 0.068750
0 0.395313 0.471875 0.078125 0.090625
0 0.742188 0.468750 0.031250 0.081250
0 0.214844 0.485938 0.145313 0.112500
0 0.301563 0.458594 0.006250 0.039062
1 0.123438 0.498437 0.046875 0.056250
2 0.393750 0.454688 0.146875 0.115625
2 0.885938 0.486719 0.225000 0.145313
3 0.554688 0.455469 0.053125 0.060937
4 0.154688 0.367969 0.143750 0.304688
4 0.071875 0.485156 0.131250 0.048438
4 0.554688 0.496875 0.018750 0.018750
5 0.741406 0.397656 0.217188 0.101562
5 0.226562 0.468750 0.062500 0.037500
5 0.480469 0.473438 0.017188 0.015625
6 0.317188 0.611719 0.065625 0.014063
7 0.075781 0.513281 0.023438 0.048438
