0 0.067969 0.733594 0.057813 0.204687
2 0.544531 0.721875 0.123438 0.071875
2 0.871094 0.758594 0.176563 0.117188
3 0.568750 0.732031 0.015625 0.048438
4 0.287500 0.214062 0.178125 0.187500
4 0.082812 0.429688 0.165625 0.415625
4 0.199219 0.517969 0.085938 0.414062
4 0.948438 0.581250 0.100000 0.096875
4 0.725000 0.665625 0.215625 0.081250
4 0.921094 0.722656 0.017188 0.039062
4 0.232031 0.779687 0.048438 0.025000
5 0.114062 0.427344 0.053125 0.085938
5 0.065625 0.506250 0.125000 0.143750
5 0.728125 0.517969 0.006250 0.123438
5 0.615625 0.600000 0.012500 0.100000
5 0.135156 0.685156 0.023438 0.107813
5 0.318750 0.696094 0.006250 0.048438
5 0.882812 0.694531 0.012500 0.020313
5 0.990625 0.730469 0.015625 0.035937
