0 0.531250 0.676562 0.128125 0.056250
0 0.285156 0.705469 0.026562 0.079687
0 0.690625 0.692969 0.043750 0.045312
0 0.127344 0.766406 0.039062 0.129688
2 0.558594 0.667188 0.104688 0.050000
2 0.487500 0.667969 0.028125 0.035937
2 0.346094 0.678125 0.123438 0.053125
2 0.203125 0.689844 0.062500 0.045312
3 0.615625 0.667969 0.012500 0.014063
3 0.435156 0.695312 0.035937 0.031250
4 0.360156 0.614062 0.139063 0.103125
5 0.245312 0.657031 0.071875 0.054688
5 0.435937 0.641406 0.012500 0.017188
5 0.347656 0.648438 0.010937 0.018750
