0 0.882031 0.644531 0.232813 0.707812
0 0.309375 0.505469 0.134375 0.132812
0 0.626563 0.485938 0.090625 0.056250
1 0.527344 0.546094 0.042188 0.110937
2 0.407813 0.483594 0.140625 0.167187
2 0.317188 0.504687 0.034375 0.109375
2 0.600000 0.483594 0.009375 0.032813
4 0.618750 0.410938 0.053125 0.078125
5 0.312500 0.204687 0.056250 0.059375
5 0.886719 0.272656 0.223438 0.195312
5 0.229687 0.321094 0.165625 0.107813
5 0.706250 0.391406 0.121875 0.070312
5 0.411719 0.385937 0.035937 0.018750
5 0.675781 0.491406 0.017188 0.048438
7 0.286719 0.552344 0.045312 0.098437
7 0.646875 0.546094 0.034375 0.073438
