0 0.613281 0.511719 0.007812 0.042188
0 0.701562 0.511719 0.006250 0.029687
2 0.400000 0.517188 0.200000 0.065625
2 0.762500 0.764844 0.471875 0.467187
3 0.347656 0.527344 0.054688 0.039062
3 0.631250 0.525781 0.103125 0.029687
3 0.721875 0.535937 0.012500 0.018750
3 0.919531 0.571875 0.026562 0.053125
4 0.196875 0.219531 0.393750 0.439063
5 0.442188 0.135156 0.103125 0.104688
5 0.507812 0.163281 0.028125 0.092188
5 0.413281 0.459375 0.017188 0.021875
5 0.865625 0.490625 0.012500 0.028125
8 0.320312 0.535937 0.040625 0.021875
8 0.771875 0.539844 0.090625 0.029687
