0 0.446875 0.591406 0.068750 0.067187
0 0.875781 0.636719 0.076563 0.123438
0 0.774219 0.635938 0.020313 0.075000
2 0.377344 0.621875 0.160938 0.128125
2 0.228125 0.735156 0.171875 0.220312
2 0.542969 0.684375 0.129688 0.093750
2 0.048438 0.742188 0.096875 0.162500
3 0.350781 0.631250 0.017188 0.037500
3 0.279687 0.782031 0.053125 0.117188
3 0.139063 0.859375 0.075000 0.146875
3 0.053125 0.892969 0.078125 0.179688
4 0.961719 0.485156 0.073438 0.251563
5 0.256250 0.553125 0.021875 0.046875
5 0.119531 0.582812 0.020313 0.018750
6 0.723437 0.708594 0.025000 0.007812
