0 0.574219 0.464062 0.020313 0.009375
2 0.520312 0.467969 0.021875 0.032813
2 0.828125 0.539844 0.156250 0.107813
4 0.094531 0.271875 0.189062 0.421875
4 0.921875 0.646875 0.153125 0.462500
5 0.078906 0.332031 0.048438 0.045312
5 0.930469 0.348438 0.042188 0.071875
5 0.770312 0.363281 0.012500 0.060937
5 0.571875 0.388281 0.031250 0.054688
5 0.673438 0.470313 0.009375 0.043750
5 0.455469 0.489063 0.092188 0.075000
5 0.277344 0.519531 0.089063 0.126562
5 0.086719 0.484375 0.039062 0.053125
5 0.202344 0.497656 0.023438 0.054688
6 0.680469 0.667969 0.057813 0.010937
