0 0.277344 0.611719 0.026562 0.073438
0 0.456250 0.660156 0.040625 0.129688
2 0.393750 0.612500 0.012500 0.018750
4 0.317969 0.603906 0.067187 0.048438
5 0.588281 0.183594 0.073438 0.367188
5 0.780469 0.135937 0.107813 0.271875
5 0.276562 0.414844 0.081250 0.317188
5 0.489063 0.435937 0.109375 0.306250
5 0.969531 0.475000 0.057813 0.143750
5 0.881250 0.590625 0.043750 0.193750
5 0.145313 0.573438 0.131250 0.153125
5 0.382812 0.573438 0.021875 0.043750
5 0.572656 0.697656 0.051562 0.129688
6 0.239844 0.803906 0.082812 0.020313
