0 0.125781 0.512500 0.017188 0.065625
0 0.739844 0.525000 0.026562 0.075000
0 0.363281 0.521094 0.035937 0.064062
0 0.838281 0.528125 0.039062 0.075000
1 0.471875 0.556250 0.028125 0.050000
2 0.357031 0.517188 0.123438 0.050000
2 0.437500 0.507812 0.015625 0.015625
4 0.939844 0.103906 0.117188 0.207813
4 0.076563 0.415625 0.153125 0.228125
4 0.371875 0.451562 0.159375 0.115625
4 0.176563 0.497656 0.028125 0.057813
5 0.136719 0.379688 0.035937 0.034375
5 0.044531 0.490625 0.089063 0.071875
7 0.640625 0.551562 0.021875 0.040625
