0 0.699219 0.303125 0.039062 0.065625
0 0.537500 0.300781 0.037500 0.057813
0 0.307812 0.294531 0.012500 0.020313
1 0.160156 0.300781 0.042188 0.045312
1 0.350781 0.317969 0.010937 0.026562
1 0.516406 0.326562 0.023438 0.043750
1 0.753906 0.442969 0.120313 0.264062
2 0.532031 0.292969 0.073438 0.020313
3 0.313281 0.314844 0.029687 0.039062
4 0.221094 0.182812 0.442188 0.365625
4 0.805469 0.134375 0.195312 0.268750
5 0.962500 0.025781 0.071875 0.045312
5 0.917969 0.084375 0.160938 0.100000
5 0.067187 0.129688 0.059375 0.084375
5 0.473438 0.210156 0.028125 0.007812
5 0.625781 0.270313 0.095312 0.093750
5 0.395313 0.275000 0.037500 0.018750
6 0.521094 0.373437 0.032813 0.003125
7 0.553125 0.326562 0.015625 0.046875
7 0.682031 0.389844 0.107813 0.167187
