0 0.521875 0.535937 0.015625 0.018750
0 0.390625 0.568750 0.112500 0.053125
0 0.667969 0.566406 0.010937 0.029687
0 0.239063 0.625000 0.068750 0.118750
2 0.468750 0.532031 0.031250 0.023438
2 0.578906 0.565625 0.054688 0.068750
2 0.178125 0.860156 0.356250 0.276562
4 0.676562 0.510156 0.043750 0.104688
5 0.190625 0.432812 0.190625 0.171875
5 0.610938 0.466406 0.106250 0.085938
5 0.313281 0.475000 0.039062 0.090625
5 0.067187 0.488281 0.134375 0.114062
5 0.542188 0.494531 0.025000 0.042188
5 0.888281 0.500000 0.220312 0.028125
5 0.710156 0.525781 0.026562 0.020313
6 0.988281 0.851562 0.020313 0.012500
