0 0.457813 0.397656 0.090625 0.314063
0 0.087500 0.333594 0.021875 0.095312
0 0.314844 0.328125 0.054688 0.062500
0 0.985938 0.419531 0.025000 0.123438
1 0.683594 0.347656 0.020313 0.029687
2 0.057813 0.323437 0.053125 0.034375
2 0.385156 0.334375 0.073438 0.053125
2 0.610938 0.333594 0.228125 0.048438
3 0.042188 0.354687 0.084375 0.093750
4 0.360938 0.181250 0.084375 0.225000
5 0.463281 0.022656 0.010937 0.045312
5 0.346875 0.042188 0.012500 0.021875
5 0.664844 0.170313 0.076563 0.225000
5 0.770312 0.276562 0.046875 0.209375
5 0.428906 0.280469 0.201563 0.114062
5 0.274219 0.292969 0.026562 0.026562
5 0.642969 0.307812 0.051562 0.028125
6 0.694531 0.470313 0.064062 0.009375
6 0.408594 0.483594 0.051562 0.014063
