0 0.037500 0.664844 0.018750 0.029687
0 0.167187 0.703125 0.025000 0.084375
0 0.321875 0.692187 0.021875 0.046875
0 0.589063 0.728125 0.100000 0.109375
0 0.802344 0.758594 0.032813 0.095312
0 0.975000 0.813281 0.046875 0.129688
2 0.060937 0.729688 0.121875 0.096875
2 0.313281 0.778125 0.217188 0.146875
2 0.933594 0.957031 0.129688 0.082812
4 0.297656 0.671875 0.195312 0.071875
4 0.792188 0.686719 0.187500 0.054688
5 0.696094 0.616406 0.157812 0.110937
7 0.110156 0.709375 0.023438 0.028125
7 0.528125 0.790625 0.034375 0.084375
