2 0.641406 0.817187 0.714063 0.362500
2 0.139063 0.701562 0.278125 0.071875
4 0.438281 0.648438 0.070312 0.021875
4 0.107813 0.665625 0.031250 0.031250
4 0.313281 0.660937 0.026562 0.021875
5 0.034375 0.442188 0.068750 0.109375
5 0.206250 0.599219 0.112500 0.048438
5 0.492188 0.621094 0.150000 0.092188
5 0.622656 0.616406 0.017188 0.045312
5 0.991406 0.620313 0.014063 0.046875
5 0.021094 0.619531 0.010937 0.026562
5 0.329688 0.646094 0.150000 0.048438
8 0.418750 0.664062 0.040625 0.006250
8 0.980469 0.679688 0.035937 0.028125
8 0.157031 0.846094 0.314063 0.304688
