2 0.875781 0.739062 0.245312 0.193750
2 0.260937 0.732812 0.328125 0.168750
2 0.037500 0.686719 0.075000 0.020313
2 0.494531 0.696875 0.089063 0.025000
2 0.737500 0.774219 0.115625 0.107813
4 0.057813 0.592187 0.115625 0.093750
4 0.727344 0.682813 0.023438 0.025000
4 0.027344 0.692187 0.017188 0.015625
4 0.660156 0.738281 0.023438 0.010937
5 0.989062 0.567969 0.018750 0.026562
5 0.849219 0.621875 0.085938 0.103125
5 0.108594 0.620313 0.217188 0.081250
5 0.228125 0.657031 0.015625 0.010937
5 0.042188 0.685937 0.009375 0.015625
8 0.446875 0.702344 0.046875 0.010937
8 0.634375 0.707812 0.100000 0.012500
8 0.113281 0.720313 0.139063 0.031250
8 0.044531 0.872656 0.089063 0.051562
