0 0.897656 0.541406 0.014063 0.048438
0 0.644531 0.553125 0.017188 0.040625
0 0.009375 0.738281 0.018750 0.095312
2 0.837500 0.514062 0.053125 0.021875
2 0.971094 0.548438 0.054688 0.056250
2 0.590625 0.700000 0.306250 0.281250
3 0.442188 0.829688 0.253125 0.309375
4 0.809375 0.389062 0.365625 0.337500
5 0.184375 0.300781 0.368750 0.217188
5 0.451562 0.336719 0.178125 0.242188
5 0.989844 0.404687 0.007812 0.037500
5 0.764844 0.489063 0.017188 0.009375
5 0.025000 0.585938 0.050000 0.150000
5 0.221875 0.565625 0.056250 0.050000
5 0.542969 0.587500 0.039062 0.071875
5 0.111719 0.595313 0.092188 0.071875
6 0.200000 0.968750 0.078125 0.040625
