2 0.250000 0.621094 0.075000 0.067187
2 0.519531 0.641406 0.098437 0.057813
2 0.687500 0.644531 0.009375 0.035937
3 0.145313 0.629687 0.025000 0.028125
3 0.723437 0.659375 0.006250 0.018750
4 0.198437 0.532813 0.184375 0.240625
4 0.067969 0.575781 0.135937 0.139063
4 0.663281 0.642188 0.007812 0.015625
5 0.335156 0.474219 0.098437 0.314063
5 0.682031 0.445312 0.048438 0.025000
5 0.928906 0.508594 0.076563 0.089063
5 0.449219 0.518750 0.120313 0.090625
5 0.549219 0.577344 0.051562 0.110937
5 0.741406 0.639062 0.007812 0.021875
