0 0.910937 0.514844 0.125000 0.295312
0 0.344531 0.429688 0.029687 0.053125
0 0.481250 0.445312 0.006250 0.037500
0 0.821875 0.475000 0.028125 0.059375
2 0.133594 0.458594 0.267188 0.242188
2 0.650781 0.488281 0.239063 0.160938
2 0.442969 0.443750 0.067187 0.053125
2 0.905469 0.508594 0.170313 0.101562
2 0.996094 0.514062 0.004687 0.056250
4 0.389062 0.273438 0.071875 0.387500
4 0.532813 0.358594 0.056250 0.220312
4 0.920312 0.389062 0.103125 0.184375
5 0.683594 0.218750 0.042188 0.021875
5 0.302344 0.295312 0.029687 0.056250
5 0.720313 0.340625 0.234375 0.103125
5 0.889844 0.396875 0.067187 0.118750
5 0.976562 0.421875 0.028125 0.106250
6 0.404687 0.504687 0.028125 0.003125
6 0.900000 0.633594 0.034375 0.023438
6 0.564063 0.710938 0.096875 0.059375
