0 0.370312 0.409375 0.071875 0.128125
0 0.517188 0.395313 0.009375 0.046875
0 0.803125 0.417187 0.012500 0.053125
0 0.886719 0.408594 0.010937 0.014063
0 0.977344 0.415625 0.014063 0.018750
2 0.621094 0.402344 0.157812 0.060937
2 0.745313 0.417187 0.059375 0.053125
4 0.953906 0.100781 0.089063 0.045312
4 0.902344 0.249219 0.192188 0.226562
4 0.710156 0.413281 0.017188 0.010937
4 0.926562 0.482812 0.143750 0.056250
4 0.117188 0.517188 0.234375 0.093750
5 0.192969 0.134375 0.289062 0.068750
5 0.450781 0.187500 0.014063 0.062500
5 0.896875 0.345313 0.018750 0.050000
5 0.675781 0.353906 0.007812 0.020313
7 0.132031 0.425000 0.054688 0.096875
