0 0.658594 0.531250 0.104688 0.278125
0 0.720313 0.456250 0.015625 0.115625
0 0.325000 0.521875 0.078125 0.121875
0 0.979688 0.525781 0.037500 0.114062
2 0.885938 0.446875 0.171875 0.150000
2 0.555469 0.500000 0.123438 0.143750
2 0.217969 0.547656 0.185938 0.135937
2 0.484375 0.549219 0.009375 0.032813
4 0.526563 0.195312 0.056250 0.146875
4 0.515625 0.310156 0.118750 0.201563
4 0.031250 0.474219 0.031250 0.095312
5 0.524219 0.170313 0.198437 0.106250
5 0.816406 0.237500 0.148438 0.121875
5 0.607812 0.314844 0.250000 0.098437
5 0.411719 0.497656 0.032813 0.114062
5 0.723437 0.488281 0.078125 0.051562
5 0.003125 0.495312 0.006250 0.015625
7 0.476562 0.491406 0.021875 0.092188
