0 0.944531 0.747656 0.060937 0.032813
0 0.854688 0.750781 0.059375 0.023438
2 0.571094 0.806250 0.214062 0.150000
2 0.894531 0.749219 0.129688 0.026562
2 0.321094 0.801562 0.298438 0.125000
2 0.792969 0.753125 0.064062 0.028125
4 0.980469 0.130469 0.035937 0.098437
4 0.882812 0.509375 0.231250 0.509375
4 0.990625 0.587500 0.015625 0.137500
4 0.454688 0.730469 0.103125 0.060937
4 0.846094 0.729688 0.020313 0.025000
5 0.168750 0.490625 0.218750 0.112500
5 0.713281 0.596875 0.142187 0.081250
5 0.364844 0.677344 0.417187 0.154688
5 0.553125 0.679688 0.143750 0.068750
5 0.707812 0.688281 0.015625 0.023438
5 0.069531 0.718750 0.139063 0.075000
8 0.396094 0.888281 0.154688 0.189062
8 0.857031 0.831250 0.282813 0.065625
8 0.602344 0.849219 0.023438 0.020313
8 0.207031 0.892188 0.185938 0.096875
