0 0.836719 0.728906 0.070312 0.067187
1 0.473438 0.775781 0.018750 0.067187
2 0.560156 0.745313 0.154688 0.115625
2 0.970313 0.723437 0.056250 0.053125
2 0.444531 0.757812 0.032813 0.078125
2 0.128906 0.843750 0.129688 0.225000
2 0.371875 0.814063 0.075000 0.134375
3 0.346094 0.750000 0.054688 0.109375
3 0.258594 0.914062 0.173437 0.168750
4 0.254688 0.564063 0.131250 0.112500
4 0.467969 0.728125 0.132812 0.118750
5 0.660156 0.606250 0.107813 0.165625
5 0.757812 0.616406 0.084375 0.132812
5 0.646094 0.691406 0.026562 0.026562
