0 0.772656 0.486719 0.142187 0.139063
0 0.677344 0.517969 0.026562 0.114062
0 0.502344 0.518750 0.029687 0.081250
0 0.174219 0.553125 0.032813 0.137500
1 0.893750 0.629687 0.209375 0.303125
1 0.610156 0.665625 0.173437 0.306250
1 0.414062 0.533594 0.115625 0.032813
1 0.344531 0.550000 0.014063 0.050000
1 0.209375 0.674219 0.153125 0.260937
1 0.064062 0.771094 0.128125 0.420312
2 0.306250 0.530469 0.012500 0.014063
2 0.189062 0.547656 0.071875 0.045312
2 0.031250 0.564844 0.062500 0.048438
4 0.807813 0.417187 0.100000 0.084375
4 0.953125 0.427344 0.090625 0.085938
4 0.431250 0.503125 0.050000 0.025000
5 0.635938 0.386719 0.037500 0.010937
5 0.195312 0.464844 0.059375 0.026562
