0 0.100781 0.537500 0.017188 0.112500
0 0.717187 0.564063 0.059375 0.084375
0 0.818750 0.571875 0.021875 0.093750
0 0.930469 0.607812 0.029687 0.143750
2 0.059375 0.525000 0.118750 0.065625
2 0.218750 0.560156 0.125000 0.135937
2 0.338281 0.547656 0.060937 0.067187
2 0.523438 0.567969 0.178125 0.101562
4 0.163281 0.397656 0.007812 0.029687
4 0.178906 0.524219 0.129688 0.060937
5 0.992188 0.170313 0.012500 0.046875
5 0.801562 0.228906 0.240625 0.114062
5 0.613281 0.303125 0.020313 0.059375
5 0.069531 0.396875 0.095312 0.150000
5 0.246875 0.373437 0.031250 0.015625
5 0.157812 0.451562 0.018750 0.018750
5 0.590625 0.518750 0.106250 0.109375
7 0.651563 0.557813 0.015625 0.046875
