0 0.807813 0.550000 0.031250 0.156250
2 0.111719 0.567969 0.223438 0.204687
2 0.331250 0.516406 0.203125 0.101562
2 0.657031 0.569531 0.235937 0.123438
4 0.153906 0.416406 0.054688 0.098437
4 0.353125 0.489844 0.015625 0.051562
4 0.943750 0.533594 0.090625 0.089063
5 0.901563 0.359375 0.193750 0.125000
5 0.154688 0.403125 0.096875 0.125000
5 0.244531 0.421094 0.007812 0.029687
5 0.103906 0.442188 0.042188 0.046875
5 0.721094 0.477344 0.092188 0.082812
5 0.588281 0.450781 0.014063 0.023438
6 0.232031 0.617188 0.035937 0.006250
7 0.528125 0.535937 0.025000 0.034375
