2 0.133594 0.694531 0.267188 0.270313
2 0.768750 0.689063 0.315625 0.193750
2 0.355469 0.667188 0.129688 0.096875
3 0.463281 0.698438 0.076563 0.062500
4 0.936719 0.518750 0.123438 0.300000
4 0.627344 0.579688 0.051562 0.034375
4 0.007812 0.600000 0.015625 0.021875
5 0.862500 0.398438 0.165625 0.100000
5 0.500000 0.539844 0.078125 0.051562
5 0.358594 0.561719 0.048438 0.035937
5 0.171875 0.571875 0.146875 0.037500
8 0.276562 0.679688 0.034375 0.059375
8 0.528125 0.663281 0.037500 0.010937
8 0.960938 0.706250 0.075000 0.021875
