0 0.082812 0.789844 0.165625 0.417187
2 0.102344 0.631250 0.204687 0.278125
2 0.367188 0.646094 0.309375 0.148438
2 0.617188 0.718750 0.046875 0.068750
2 0.894531 0.846094 0.207813 0.304688
2 0.735938 0.734375 0.053125 0.062500
3 0.714063 0.767188 0.065625 0.087500
4 0.403125 0.500000 0.328125 0.381250
4 0.198437 0.564844 0.068750 0.039062
6 0.231250 0.708594 0.021875 0.010937
6 0.024219 0.802344 0.048438 0.048438
6 0.338281 0.822656 0.039062 0.048438
6 0.465625 0.864062 0.046875 0.031250
6 0.674219 0.916406 0.126562 0.051562
7 0.182031 0.846875 0.048438 0.159375
