0 0.072656 0.724219 0.145313 0.373437
0 0.936719 0.775000 0.123438 0.446875
0 0.197656 0.669531 0.073438 0.195312
0 0.785937 0.730469 0.053125 0.292187
0 0.571875 0.678906 0.096875 0.157812
4 0.955469 0.453906 0.085938 0.039062
5 0.732812 0.481250 0.109375 0.112500
5 0.118750 0.576562 0.156250 0.118750
5 0.828906 0.534375 0.045312 0.018750
5 0.216406 0.570312 0.020313 0.078125
5 0.578906 0.559375 0.035937 0.028125
5 0.967187 0.564063 0.062500 0.015625
7 0.066406 0.722656 0.039062 0.173437
7 0.843750 0.742969 0.043750 0.151562
