0 0.237500 0.560156 0.050000 0.089063
0 0.675000 0.569531 0.006250 0.029687
2 0.934375 0.548438 0.062500 0.068750
2 0.730469 0.571875 0.079687 0.062500
2 0.451562 0.567969 0.034375 0.020313
2 0.560156 0.572656 0.017188 0.020313
3 0.782813 0.568750 0.018750 0.025000
3 0.585938 0.577344 0.009375 0.026562
4 0.934375 0.463281 0.031250 0.039062
4 0.612500 0.552344 0.025000 0.051562
4 0.940625 0.589063 0.056250 0.034375
5 0.367188 0.453906 0.031250 0.260937
5 0.242188 0.503125 0.012500 0.037500
5 0.721094 0.499219 0.004687 0.026562
5 0.489063 0.542188 0.040625 0.071875
6 0.285938 0.628906 0.050000 0.010937
