0 0.085156 0.578125 0.092188 0.231250
0 0.842969 0.650000 0.201563 0.375000
0 0.367188 0.525781 0.018750 0.101562
0 0.698438 0.653906 0.078125 0.357812
0 0.478125 0.506250 0.068750 0.034375
0 0.591406 0.525000 0.017188 0.065625
0 0.264062 0.566406 0.021875 0.092188
0 0.985938 0.554688 0.025000 0.056250
0 0.914062 0.671875 0.025000 0.062500
1 0.433594 0.514062 0.007812 0.025000
1 0.293750 0.569531 0.081250 0.120313
1 0.590625 0.586719 0.103125 0.139063
1 0.750000 0.604688 0.046875 0.131250
1 0.200000 0.602344 0.015625 0.057813
3 0.609375 0.539062 0.021875 0.031250
4 0.567187 0.501563 0.006250 0.028125
5 0.083594 0.020313 0.167187 0.040625
5 0.346875 0.192969 0.168750 0.385937
5 0.837500 0.233594 0.321875 0.460938
5 0.332031 0.318750 0.232813 0.268750
5 0.725781 0.378906 0.101562 0.214062
5 0.593750 0.375781 0.112500 0.164062
5 0.105469 0.465625 0.210938 0.237500
5 0.637500 0.450781 0.087500 0.120313
5 0.485938 0.460156 0.065625 0.048438
5 0.568750 0.468750 0.040625 0.059375
6 0.594531 0.640625 0.042188 0.006250
6 0.133594 0.701562 0.057813 0.012500
