0 0.607812 0.565625 0.059375 0.078125
0 0.282813 0.567187 0.028125 0.059375
2 0.019531 0.569531 0.039062 0.051562
2 0.471875 0.569531 0.078125 0.035937
4 0.494531 0.519531 0.114062 0.085938
4 0.421875 0.514844 0.012500 0.026562
5 0.696875 0.186719 0.021875 0.010937
5 0.753906 0.457813 0.160938 0.193750
5 0.250000 0.525000 0.131250 0.100000
5 0.550000 0.502344 0.009375 0.020313
5 0.122656 0.531250 0.017188 0.015625
6 0.716406 0.611719 0.029687 0.004687
6 0.413281 0.642969 0.089063 0.035937
7 0.131250 0.578125 0.012500 0.034375
7 0.405469 0.573438 0.007812 0.025000
