0 0.153125 0.329688 0.012500 0.025000
0 0.501563 0.366406 0.015625 0.098437
1 0.185156 0.379688 0.029687 0.059375
2 0.087500 0.380469 0.175000 0.207813
2 0.751563 0.528906 0.493750 0.495312
2 0.371875 0.388281 0.253125 0.179688
4 0.557031 0.235156 0.101562 0.207813
4 0.075000 0.271094 0.053125 0.070312
4 0.403125 0.292187 0.175000 0.100000
5 0.702344 0.058594 0.029687 0.057813
5 0.616406 0.121094 0.010937 0.032813
5 0.178125 0.280469 0.131250 0.104688
5 0.289062 0.298438 0.056250 0.106250
5 0.037500 0.282031 0.006250 0.017188
6 0.778125 0.560156 0.037500 0.026562
