0 0.170313 0.340625 0.015625 0.025000
0 0.970313 0.702344 0.056250 0.242188
0 0.847656 0.617188 0.014063 0.018750
0 0.701562 0.627344 0.090625 0.035937
0 0.121094 0.640625 0.042188 0.043750
2 0.284375 0.658594 0.165625 0.120313
2 0.682813 0.803906 0.612500 0.389062
2 0.046094 0.667188 0.092188 0.096875
3 0.501563 0.697656 0.018750 0.035937
4 0.209375 0.315625 0.037500 0.078125
4 0.314063 0.320312 0.021875 0.075000
4 0.385156 0.607031 0.023438 0.023438
5 0.294531 0.395313 0.326562 0.084375
5 0.028125 0.569531 0.031250 0.098437
5 0.303906 0.563281 0.020313 0.023438
6 0.432031 0.732812 0.045312 0.006250
7 0.196875 0.651563 0.009375 0.028125
