0 0.046094 0.607031 0.026562 0.048438
0 0.251563 0.612500 0.009375 0.028125
1 0.086719 0.646875 0.082812 0.065625
1 0.232031 0.630469 0.026562 0.032813
2 0.478125 0.640625 0.087500 0.084375
2 0.718750 0.627344 0.093750 0.051562
2 0.866406 0.617969 0.110937 0.010937
4 0.262500 0.580469 0.284375 0.151562
4 0.682031 0.589063 0.020313 0.031250
5 0.253125 0.410156 0.034375 0.132812
5 0.342187 0.397656 0.009375 0.014063
5 0.014063 0.462500 0.028125 0.137500
5 0.133594 0.541406 0.135937 0.048438
5 0.656250 0.609375 0.028125 0.109375
