0 0.095312 0.405469 0.018750 0.101562
0 0.013281 0.455469 0.026562 0.198437
0 0.211719 0.407813 0.020313 0.100000
0 0.586719 0.445312 0.023438 0.112500
1 0.107813 0.429688 0.025000 0.056250
1 0.586719 0.553906 0.007812 0.039062
2 0.358594 0.464062 0.173437 0.300000
2 0.797656 0.427344 0.064062 0.085938
3 0.028906 0.406250 0.032813 0.075000
3 0.191406 0.399219 0.026562 0.042188
3 0.479687 0.475781 0.065625 0.104688
3 0.664844 0.497656 0.039062 0.114062
3 0.810937 0.557813 0.046875 0.131250
3 0.924219 0.599219 0.104688 0.160938
3 0.544531 0.701562 0.079687 0.209375
4 0.296094 0.315625 0.107813 0.137500
4 0.510156 0.325781 0.170313 0.123438
5 0.069531 0.396875 0.045312 0.118750
5 0.270313 0.367969 0.012500 0.020313
5 0.613281 0.377344 0.032813 0.023438
5 0.502344 0.399219 0.014063 0.029687
