0 0.858594 0.569531 0.042188 0.079687
0 0.314844 0.560937 0.014063 0.050000
1 0.685937 0.584375 0.012500 0.021875
1 0.948438 0.691406 0.100000 0.182812
2 0.494531 0.561719 0.126562 0.042188
2 0.229687 0.562500 0.025000 0.018750
2 0.357031 0.567969 0.057813 0.023438
2 0.971875 0.764844 0.053125 0.204687
4 0.031250 0.481250 0.059375 0.106250
4 0.521094 0.520312 0.067187 0.087500
4 0.668750 0.601562 0.031250 0.093750
4 0.247656 0.574219 0.029687 0.004687
5 0.942969 0.414062 0.110937 0.078125
5 0.776563 0.471094 0.103125 0.048438
5 0.408594 0.506250 0.014063 0.071875
5 0.329688 0.549219 0.006250 0.023438
6 0.484375 0.827344 0.112500 0.032813
7 0.060156 0.552344 0.010937 0.032813
7 0.171094 0.555469 0.051562 0.023438
