0 0.886719 0.765625 0.220312 0.465625
0 0.416406 0.658594 0.032813 0.045312
0 0.675781 0.681250 0.076563 0.071875
0 0.778906 0.684375 0.017188 0.040625
2 0.158594 0.660156 0.317188 0.160938
2 0.545312 0.728125 0.418750 0.221875
2 0.890625 0.717969 0.025000 0.135937
2 0.987500 0.813281 0.021875 0.289062
2 0.892969 0.897656 0.023438 0.064062
4 0.554688 0.571094 0.140625 0.151562
4 0.455469 0.610156 0.032813 0.054688
5 0.052344 0.346094 0.104688 0.067187
5 0.360938 0.590625 0.034375 0.009375
6 0.238281 0.850000 0.089063 0.018750
