0 0.423438 0.528125 0.075000 0.037500
0 0.737500 0.555469 0.115625 0.067187
0 0.346875 0.571875 0.021875 0.053125
0 0.951562 0.604688 0.093750 0.078125
0 0.210156 0.676562 0.014063 0.118750
1 0.778906 0.592969 0.010937 0.032813
1 0.326562 0.598437 0.009375 0.031250
1 0.972656 0.660156 0.051562 0.067187
2 0.469531 0.577344 0.023438 0.082812
2 0.660937 0.554688 0.009375 0.031250
2 0.761719 0.555469 0.007812 0.020313
2 0.397656 0.604688 0.057813 0.062500
2 0.766406 0.833594 0.254688 0.248438
4 0.471094 0.489844 0.101562 0.107813
5 0.410938 0.473438 0.081250 0.025000
5 0.682031 0.485938 0.120313 0.046875
5 0.300781 0.475781 0.010937 0.014063
5 0.776563 0.500000 0.037500 0.021875
7 0.247656 0.534375 0.014063 0.021875
