0 0.306250 0.539844 0.093750 0.045312
0 0.228906 0.546875 0.007812 0.021875
2 0.807813 0.487500 0.050000 0.006250
2 0.072656 0.533594 0.095312 0.035937
2 0.182812 0.550000 0.087500 0.034375
4 0.014844 0.295312 0.029687 0.240625
4 0.628125 0.464844 0.146875 0.082812
5 0.977344 0.483594 0.032813 0.010937
5 0.272656 0.498437 0.020313 0.006250
6 0.180469 0.593750 0.039062 0.003125
8 0.525781 0.532813 0.345313 0.050000
8 0.857812 0.528125 0.281250 0.040625
8 0.283594 0.546094 0.104688 0.023438
8 0.060937 0.558594 0.121875 0.026562
