2 0.465625 0.570312 0.171875 0.115625
2 0.344531 0.568750 0.060937 0.046875
2 0.612500 0.573438 0.100000 0.053125
2 0.744531 0.578906 0.151562 0.060937
2 0.180469 0.567969 0.120313 0.035937
2 0.984375 0.600781 0.021875 0.039062
4 0.774219 0.492188 0.142187 0.171875
4 0.409375 0.530469 0.053125 0.085938
4 0.943750 0.549219 0.109375 0.117188
4 0.578906 0.535937 0.160938 0.062500
5 0.394531 0.508594 0.017188 0.048438
5 0.269531 0.552344 0.048438 0.095312
7 0.406250 0.566406 0.006250 0.023438
7 0.616406 0.572656 0.004687 0.020313
7 0.292969 0.600781 0.023438 0.073438
7 0.724219 0.594531 0.010937 0.035937
