0 0.583594 0.678125 0.110937 0.521875
0 0.110937 0.650000 0.134375 0.387500
0 0.256250 0.617188 0.121875 0.265625
0 0.363281 0.537500 0.048438 0.068750
0 0.441406 0.531250 0.045312 0.056250
0 0.523438 0.535937 0.034375 0.062500
1 0.003125 0.679688 0.006250 0.059375
2 0.021094 0.543750 0.042188 0.084375
2 0.465625 0.515625 0.021875 0.028125
2 0.196094 0.546875 0.073438 0.075000
4 0.510156 0.394531 0.220312 0.257812
5 0.307812 0.144531 0.125000 0.289062
5 0.936719 0.246094 0.095312 0.164062
5 0.102344 0.310156 0.204687 0.073438
5 0.267969 0.371875 0.067187 0.165625
5 0.352344 0.448437 0.057813 0.031250
5 0.041406 0.455469 0.057813 0.035937
6 0.407813 0.769531 0.056250 0.017188
6 0.189844 0.826562 0.095312 0.034375
6 0.539062 0.955469 0.184375 0.085938
7 0.309375 0.537500 0.003125 0.034375
