0 0.485156 0.658594 0.007812 0.032813
2 0.328906 0.648438 0.282813 0.212500
2 0.722656 0.679688 0.189062 0.131250
2 0.527344 0.660937 0.076563 0.050000
3 0.210938 0.564063 0.050000 0.109375
3 0.165625 0.642969 0.065625 0.123438
3 0.519531 0.665625 0.017188 0.021875
3 0.099219 0.867188 0.198437 0.262500
4 0.846875 0.499219 0.181250 0.998437
4 0.007031 0.378906 0.014063 0.145313
4 0.680469 0.597656 0.079687 0.035937
5 0.703125 0.517969 0.040625 0.101562
5 0.285156 0.541406 0.014063 0.020313
5 0.817187 0.659375 0.009375 0.043750
7 0.675000 0.700000 0.043750 0.134375
