0 0.203125 0.735938 0.046875 0.171875
0 0.800000 0.728906 0.115625 0.114062
0 0.617188 0.721875 0.078125 0.059375
2 0.091406 0.800781 0.182812 0.304688
2 0.981250 0.717969 0.034375 0.117188
2 0.382031 0.724219 0.342187 0.057813
4 0.553125 0.663281 0.090625 0.157812
4 0.614844 0.648438 0.023438 0.015625
5 0.954688 0.543750 0.087500 0.034375
5 0.707031 0.607031 0.117188 0.101562
5 0.536719 0.686719 0.004687 0.020313
6 0.474219 0.795312 0.101562 0.031250
6 0.845313 0.843750 0.078125 0.009375
6 0.379688 0.860156 0.106250 0.023438
6 0.975781 0.921875 0.045312 0.018750
6 0.241406 0.943750 0.129688 0.034375
