0 0.132031 0.667188 0.014063 0.018750
0 0.571875 0.690625 0.012500 0.034375
1 0.064062 0.686719 0.046875 0.035937
1 0.589844 0.701562 0.014063 0.043750
1 0.796875 0.706250 0.015625 0.025000
1 0.989844 0.778906 0.017188 0.064062
2 0.401562 0.764844 0.353125 0.351562
3 0.065625 0.708594 0.012500 0.020313
4 0.088281 0.410938 0.176563 0.537500
4 0.702344 0.453125 0.376563 0.525000
4 0.227344 0.676562 0.010937 0.043750
5 0.987500 0.571875 0.021875 0.053125
5 0.822656 0.666406 0.051562 0.095312
5 0.585156 0.645312 0.014063 0.018750
