0 0.831250 0.493750 0.012500 0.050000
0 0.424219 0.526563 0.010937 0.040625
2 0.969531 0.500000 0.057813 0.193750
2 0.717187 0.513281 0.162500 0.085938
2 0.548438 0.511719 0.096875 0.023438
2 0.002344 0.603125 0.004687 0.056250
4 0.661719 0.413281 0.098437 0.210938
4 0.614844 0.482031 0.017188 0.064062
5 0.856250 0.325000 0.065625 0.059375
5 0.802344 0.400000 0.101562 0.109375
5 0.700781 0.449219 0.085938 0.067187
5 0.431250 0.476562 0.046875 0.009375
5 0.124219 0.514844 0.076563 0.079687
6 0.475781 0.585938 0.026562 0.006250
