0 0.104688 0.585938 0.012500 0.021875
0 0.830469 0.585156 0.007812 0.020313
0 0.233594 0.605469 0.014063 0.054688
0 0.321094 0.603906 0.010937 0.045312
2 0.430469 0.608594 0.214062 0.076563
2 0.278906 0.617969 0.079687 0.076563
2 0.741406 0.589844 0.035937 0.014063
2 0.915625 0.591406 0.078125 0.014063
4 0.142187 0.495312 0.284375 0.256250
4 0.360156 0.540625 0.117188 0.081250
4 0.611719 0.597656 0.045312 0.023438
4 0.884375 0.667969 0.031250 0.007812
5 0.160938 0.595313 0.078125 0.096875
7 0.903125 0.642969 0.053125 0.048438
