0 0.009375 0.340625 0.012500 0.059375
0 0.132031 0.349219 0.017188 0.026562
0 0.756250 0.529687 0.068750 0.343750
0 0.246094 0.373437 0.010937 0.025000
0 0.406250 0.402344 0.056250 0.048438
0 0.652344 0.457031 0.007812 0.048438
0 0.879687 0.591406 0.050000 0.157812
1 0.640625 0.474219 0.003125 0.032813
2 0.168750 0.376563 0.106250 0.081250
2 0.363281 0.400000 0.117188 0.053125
2 0.497656 0.417187 0.026562 0.021875
3 0.032031 0.364844 0.064062 0.067187
3 0.686719 0.469531 0.060937 0.048438
3 0.853125 0.627344 0.093750 0.279687
4 0.972656 0.092969 0.051562 0.185938
4 0.921875 0.296094 0.125000 0.098437
4 0.322656 0.350781 0.214062 0.104688
5 0.435937 0.359375 0.056250 0.071875
5 0.889844 0.371875 0.117188 0.071875
5 0.678125 0.478906 0.028125 0.060937
