0 0.278906 0.535937 0.007812 0.025000
0 0.124219 0.557813 0.045312 0.050000
0 0.198437 0.546875 0.012500 0.021875
0 0.580469 0.843750 0.070312 0.309375
0 0.675781 0.867969 0.098437 0.260937
0 0.625000 0.878906 0.012500 0.035937
2 0.742188 0.560156 0.200000 0.095312
2 0.207813 0.576562 0.168750 0.084375
2 0.062500 0.571875 0.093750 0.065625
2 0.901563 0.643750 0.059375 0.112500
3 0.244531 0.552344 0.014063 0.032813
4 0.203906 0.385156 0.298438 0.307812
4 0.789062 0.447656 0.171875 0.117188
5 0.690625 0.471875 0.015625 0.006250
