0 0.321875 0.487500 0.040625 0.031250
0 0.620313 0.500781 0.015625 0.057813
0 0.515625 0.484375 0.021875 0.021875
0 0.775781 0.502344 0.017188 0.029687
2 0.082031 0.517188 0.164062 0.090625
2 0.281250 0.582812 0.209375 0.215625
2 0.610156 0.496094 0.060937 0.039062
2 0.743750 0.493750 0.081250 0.028125
2 0.513281 0.567969 0.239063 0.173437
2 0.951562 0.516406 0.028125 0.048438
4 0.048438 0.372656 0.096875 0.210938
5 0.638281 0.281250 0.026562 0.018750
5 0.600000 0.400000 0.015625 0.046875
5 0.920312 0.427344 0.140625 0.048438
5 0.761719 0.486719 0.010937 0.026562
6 0.198437 0.744531 0.093750 0.035937
