0 0.127344 0.566406 0.076563 0.164062
0 0.343750 0.507031 0.015625 0.029687
1 0.364844 0.608594 0.045312 0.120313
2 0.586719 0.509375 0.092188 0.106250
2 0.432812 0.510938 0.156250 0.043750
3 0.821875 0.574219 0.353125 0.164062
3 0.264844 0.570312 0.098437 0.121875
3 0.835156 0.594531 0.032813 0.051562
4 0.530469 0.464844 0.042188 0.129688
4 0.678906 0.468750 0.067187 0.109375
5 0.694531 0.360156 0.098437 0.123438
5 0.306250 0.457813 0.075000 0.118750
5 0.578906 0.431250 0.098437 0.059375
5 0.115625 0.527344 0.096875 0.135937
5 0.431250 0.475000 0.012500 0.015625
6 0.590625 0.588281 0.031250 0.004687
6 0.424219 0.600781 0.045312 0.014063
6 0.281250 0.720313 0.090625 0.053125
6 0.073438 0.934375 0.065625 0.025000
