0 0.234375 0.547656 0.025000 0.042188
0 0.748437 0.604688 0.025000 0.121875
0 0.409375 0.568750 0.006250 0.025000
0 0.517188 0.567187 0.006250 0.021875
2 0.737500 0.593750 0.393750 0.184375
2 0.345313 0.585156 0.118750 0.145313
2 0.468750 0.569531 0.043750 0.064062
3 0.514062 0.585156 0.037500 0.039062
4 0.226562 0.453125 0.115625 0.368750
4 0.971875 0.572656 0.053125 0.082812
5 0.213281 0.036719 0.039062 0.073438
5 0.576562 0.522656 0.006250 0.014063
6 0.657031 0.681250 0.092188 0.012500
6 0.946094 0.711719 0.104688 0.010937
