0 0.895312 0.527344 0.012500 0.042188
0 0.275000 0.557031 0.034375 0.085938
0 0.778906 0.602344 0.042188 0.089063
1 0.267969 0.588281 0.042188 0.057813
2 0.510938 0.618750 0.209375 0.243750
2 0.350000 0.539844 0.159375 0.054688
2 0.251563 0.533594 0.028125 0.039062
2 0.843750 0.553906 0.143750 0.035937
4 0.927344 0.275000 0.142187 0.550000
4 0.335156 0.398438 0.089063 0.065625
4 0.377344 0.516406 0.010937 0.014063
5 0.853906 0.478125 0.014063 0.028125
5 0.744531 0.541406 0.051562 0.129688
6 0.321094 0.954688 0.239063 0.087500
7 0.282813 0.557031 0.078125 0.057813
