0 0.215625 0.562500 0.075000 0.137500
0 0.471094 0.611719 0.054688 0.110937
0 0.753906 0.650781 0.035937 0.101562
1 0.696094 0.658594 0.017188 0.057813
2 0.100000 0.559375 0.200000 0.321875
2 0.607031 0.628125 0.142187 0.090625
2 0.876563 0.722656 0.243750 0.273438
4 0.584375 0.580469 0.078125 0.045312
5 0.475781 0.233594 0.054688 0.139063
5 0.817969 0.460156 0.051562 0.092188
5 0.181250 0.525781 0.109375 0.120313
5 0.296875 0.553906 0.112500 0.107813
5 0.673438 0.579688 0.018750 0.012500
5 0.907031 0.591406 0.023438 0.017188
6 0.448437 0.815625 0.084375 0.034375
