0 0.983594 0.689063 0.029687 0.093750
0 0.750781 0.756250 0.120313 0.171875
0 0.639844 0.696094 0.026562 0.029687
0 0.378125 0.713281 0.031250 0.026562
0 0.166406 0.761719 0.060937 0.085938
2 0.571875 0.725000 0.278125 0.090625
2 0.717187 0.758594 0.021875 0.010937
3 0.717187 0.733594 0.071875 0.070312
3 0.573438 0.735938 0.062500 0.056250
3 0.446875 0.771094 0.153125 0.123438
3 0.827344 0.742188 0.007812 0.021875
3 0.021094 0.792188 0.026562 0.053125
3 0.343750 0.819531 0.040625 0.104688
4 0.509375 0.678125 0.040625 0.028125
5 0.710938 0.588281 0.143750 0.179688
5 0.345313 0.660156 0.156250 0.085938
5 0.632812 0.659375 0.078125 0.062500
5 0.761719 0.697656 0.085938 0.064062
7 0.052344 0.789062 0.032813 0.068750
