0 0.003125 0.749219 0.006250 0.070312
0 0.249219 0.778125 0.095312 0.109375
0 0.334375 0.812500 0.065625 0.146875
0 0.498437 0.804688 0.025000 0.118750
0 0.614062 0.789844 0.087500 0.079687
0 0.705469 0.792188 0.092188 0.065625
0 0.962500 0.831250 0.056250 0.131250
1 0.475781 0.792969 0.020313 0.032813
1 0.014063 0.858594 0.028125 0.073438
2 0.984375 0.792188 0.028125 0.028125
5 0.770312 0.639062 0.006250 0.028125
5 0.407031 0.695312 0.120313 0.087500
6 0.304688 0.889844 0.050000 0.004687
6 0.807031 0.960938 0.054688 0.015625
7 0.364844 0.808594 0.148438 0.101562
7 0.723437 0.800781 0.040625 0.045312
7 0.934375 0.796875 0.006250 0.021875
8 0.881250 0.933594 0.234375 0.129688
