0 0.195312 0.569531 0.071875 0.257812
0 0.423438 0.565625 0.078125 0.171875
2 0.796094 0.723437 0.404687 0.550000
2 0.294531 0.530469 0.142187 0.117188
2 0.508594 0.516406 0.010937 0.020313
3 0.360938 0.562500 0.153125 0.093750
4 0.983594 0.157812 0.029687 0.190625
4 0.924219 0.240625 0.148438 0.275000
4 0.414062 0.464062 0.003125 0.109375
5 0.370312 0.425781 0.015625 0.082812
5 0.622656 0.455469 0.010937 0.020313
7 0.188281 0.532813 0.073438 0.075000
7 0.121094 0.533594 0.054688 0.073438
7 0.403125 0.589844 0.021875 0.064062
