0 0.877344 0.582812 0.089063 0.221875
0 0.792969 0.582812 0.032813 0.193750
0 0.160156 0.536719 0.032813 0.095312
0 0.974219 0.649219 0.048438 0.301563
0 0.612500 0.539062 0.053125 0.046875
1 0.532813 0.610156 0.075000 0.132812
2 0.007031 0.536719 0.014063 0.173437
2 0.435156 0.538281 0.176563 0.151562
2 0.658594 0.548438 0.089063 0.084375
4 0.932813 0.500781 0.131250 0.173437
4 0.326562 0.539062 0.046875 0.028125
5 0.486719 0.417969 0.107813 0.064062
5 0.619531 0.464844 0.064062 0.082812
5 0.100781 0.549219 0.160938 0.029687
5 0.275781 0.551562 0.048438 0.025000
6 0.005469 0.825000 0.010937 0.021875
