0 0.959375 0.392188 0.078125 0.125000
0 0.307031 0.444531 0.054688 0.201563
0 0.264844 0.462500 0.020313 0.053125
0 0.131250 0.475781 0.021875 0.035937
2 0.692969 0.391406 0.101562 0.067187
2 0.528906 0.438281 0.104688 0.039062
2 0.050781 0.482812 0.023438 0.028125
3 0.188281 0.474219 0.042188 0.029687
3 0.096094 0.485156 0.051562 0.020313
4 0.085156 0.394531 0.170313 0.254688
5 0.798438 0.164062 0.028125 0.037500
5 0.855469 0.367969 0.120313 0.057813
5 0.442969 0.382812 0.160938 0.025000
6 0.675781 0.489063 0.045312 0.006250
6 0.576562 0.589063 0.218750 0.159375
6 0.800781 0.850000 0.395313 0.296875
