0 0.741406 0.619531 0.020313 0.042188
0 0.440625 0.641406 0.075000 0.067187
2 0.765625 0.653906 0.190625 0.095312
2 0.912500 0.650781 0.093750 0.085938
2 0.521094 0.650000 0.098437 0.056250
4 0.277344 0.399219 0.301563 0.392188
4 0.203125 0.460938 0.053125 0.275000
4 0.904687 0.526563 0.187500 0.146875
4 0.010156 0.560156 0.020313 0.039062
4 0.435937 0.582031 0.015625 0.045312
5 0.477344 0.539062 0.010937 0.012500
6 0.194531 0.717969 0.039062 0.004687
6 0.814063 0.718750 0.053125 0.003125
6 0.667188 0.747656 0.062500 0.054688
