0 0.146875 0.528906 0.093750 0.185938
0 0.780469 0.464062 0.114062 0.053125
0 0.251563 0.469531 0.006250 0.023438
0 0.004687 0.509375 0.006250 0.050000
2 0.507031 0.524219 0.270313 0.170313
2 0.867969 0.721094 0.260937 0.554688
2 0.933594 0.455469 0.057813 0.023438
2 0.224219 0.479687 0.045312 0.053125
2 0.017188 0.500781 0.018750 0.035937
2 0.349219 0.855469 0.698438 0.285938
4 0.960938 0.391406 0.031250 0.107813
4 0.553125 0.395313 0.181250 0.084375
5 0.604688 0.338281 0.034375 0.151562
5 0.895312 0.355469 0.043750 0.092188
5 0.264844 0.377344 0.023438 0.020313
5 0.746094 0.417187 0.126562 0.050000
5 0.433594 0.412500 0.010937 0.018750
5 0.161719 0.416406 0.020313 0.020313
6 0.135937 0.677344 0.125000 0.026562
7 0.857812 0.471094 0.009375 0.035937
