0 0.975781 0.531250 0.045312 0.134375
0 0.132031 0.684375 0.135937 0.318750
0 0.280469 0.672656 0.110937 0.220312
0 0.052344 0.717969 0.104688 0.267188
0 0.421094 0.698438 0.073438 0.221875
0 0.901563 0.731250 0.140625 0.250000
0 0.507031 0.645312 0.085938 0.068750
0 0.603906 0.670312 0.064062 0.081250
0 0.753125 0.714844 0.037500 0.117188
0 0.899219 0.975000 0.026562 0.046875
1 0.456250 0.702344 0.046875 0.095312
2 0.550781 0.632031 0.135937 0.082812
5 0.878125 0.491406 0.075000 0.117188
5 0.132031 0.495312 0.264062 0.096875
5 0.672656 0.527344 0.110937 0.098437
5 0.336719 0.535156 0.148438 0.085938
5 0.219531 0.701562 0.079687 0.115625
5 0.682031 0.685156 0.057813 0.070312
5 0.803125 0.741406 0.050000 0.085938
6 0.576562 0.802344 0.115625 0.082812
