0 0.277344 0.521094 0.089063 0.110937
0 0.387500 0.530469 0.081250 0.104688
0 0.453906 0.526563 0.039062 0.040625
0 0.700781 0.541406 0.089063 0.039062
0 0.828906 0.563281 0.098437 0.067187
1 0.396875 0.549219 0.021875 0.042188
1 0.988281 0.589063 0.020313 0.040625
2 0.577344 0.539844 0.139063 0.048438
2 0.245312 0.530469 0.009375 0.023438
5 0.223438 0.024219 0.031250 0.048438
5 0.913281 0.311719 0.070312 0.214062
5 0.750781 0.388281 0.082812 0.157812
5 0.183594 0.450781 0.092188 0.179688
5 0.647656 0.460938 0.010937 0.031250
5 0.910937 0.546875 0.021875 0.059375
5 0.988281 0.551562 0.020313 0.062500
6 0.458594 0.611719 0.035937 0.004687
6 0.450781 0.703906 0.107813 0.032813
