0 0.820312 0.705469 0.025000 0.092188
0 0.190625 0.710156 0.028125 0.092188
0 0.430469 0.681250 0.010937 0.028125
1 0.140625 0.714063 0.050000 0.046875
2 0.671875 0.716406 0.240625 0.110937
2 0.355469 0.725000 0.317188 0.103125
2 0.932813 0.725781 0.131250 0.098437
2 0.018750 0.704688 0.037500 0.043750
4 0.196875 0.607812 0.150000 0.187500
5 0.082031 0.564063 0.101562 0.075000
5 0.678125 0.560156 0.028125 0.067187
5 0.882031 0.563281 0.232813 0.060937
5 0.074219 0.714063 0.014063 0.043750
5 0.846094 0.717187 0.014063 0.043750
6 0.046094 0.942187 0.092188 0.037500
7 0.167969 0.719531 0.023438 0.045312
