2 0.117188 0.635938 0.234375 0.081250
2 0.282813 0.624219 0.090625 0.032813
2 0.637500 0.641406 0.140625 0.057813
2 0.442969 0.633594 0.073438 0.035937
2 0.842187 0.665625 0.121875 0.046875
4 0.037500 0.535937 0.075000 0.125000
4 0.861719 0.575000 0.273438 0.168750
4 0.211719 0.577344 0.189062 0.092188
4 0.104688 0.583594 0.053125 0.079687
5 0.150781 0.500781 0.054688 0.154688
5 0.530469 0.535937 0.035937 0.121875
5 0.615625 0.567969 0.012500 0.023438
5 0.310937 0.589063 0.096875 0.037500
5 0.382031 0.602344 0.007812 0.014063
5 0.966406 0.651563 0.064062 0.087500
8 0.264844 0.748437 0.320312 0.168750
