0 0.052344 0.497656 0.014063 0.054688
2 0.535937 0.489063 0.018750 0.037500
2 0.324219 0.496094 0.039062 0.045312
2 0.205469 0.486719 0.014063 0.023438
2 0.006250 0.498437 0.009375 0.031250
4 0.543750 0.333594 0.253125 0.392188
4 0.388281 0.391406 0.051562 0.226562
5 0.060156 0.289062 0.120313 0.150000
5 0.707031 0.290625 0.023438 0.015625
5 0.244531 0.420312 0.054688 0.078125
5 0.603906 0.423438 0.014063 0.062500
5 0.116406 0.421094 0.117188 0.032813
5 0.182812 0.429688 0.009375 0.021875
6 0.021875 0.689844 0.043750 0.023438
