0 0.875000 0.204687 0.059375 0.062500
0 0.501563 0.265625 0.078125 0.143750
0 0.992188 0.215625 0.012500 0.043750
0 0.578906 0.269531 0.035937 0.132812
2 0.724219 0.187500 0.170313 0.053125
2 0.867969 0.208594 0.073438 0.039062
3 0.753906 0.214062 0.020313 0.015625
4 0.263281 0.167969 0.189062 0.335938
5 0.425000 0.104688 0.159375 0.209375
5 0.710938 0.128125 0.134375 0.071875
5 0.562500 0.213281 0.143750 0.204687
5 0.895312 0.204687 0.146875 0.137500
5 0.026562 0.210938 0.025000 0.031250
5 0.296875 0.221875 0.018750 0.053125
7 0.414844 0.478906 0.035937 0.120313
