0 0.096875 0.415625 0.006250 0.071875
1 0.155469 0.545312 0.104688 0.171875
2 0.437500 0.426563 0.071875 0.106250
2 0.300000 0.391406 0.034375 0.017188
2 0.600781 0.434375 0.120313 0.100000
2 0.959375 0.822656 0.078125 0.351562
3 0.339062 0.425000 0.006250 0.031250
3 0.485156 0.495312 0.048438 0.084375
4 0.093750 0.187500 0.187500 0.375000
4 0.218750 0.181250 0.131250 0.362500
4 0.365625 0.258594 0.018750 0.042188
5 0.632812 0.392188 0.018750 0.018750
5 0.492969 0.395313 0.051562 0.018750
6 0.300000 0.518750 0.065625 0.009375
