2 0.934375 0.456250 0.103125 0.206250
2 0.717969 0.539062 0.298438 0.212500
2 0.855469 0.443750 0.039062 0.018750
2 0.996094 0.453906 0.004687 0.035937
2 0.332813 0.457031 0.050000 0.010937
2 0.124219 0.487500 0.129688 0.053125
3 0.042188 0.474219 0.043750 0.048438
4 0.467969 0.017969 0.039062 0.035937
4 0.857812 0.456250 0.046875 0.015625
5 0.113281 0.106250 0.051562 0.081250
5 0.460938 0.278906 0.128125 0.310937
5 0.049219 0.294531 0.098437 0.092188
5 0.703125 0.352344 0.193750 0.132812
5 0.545312 0.325000 0.021875 0.046875
5 0.795312 0.360938 0.065625 0.115625
5 0.081250 0.431250 0.009375 0.031250
5 0.868750 0.423438 0.009375 0.012500
