0 0.337500 0.436719 0.015625 0.067187
2 0.165625 0.464844 0.331250 0.154688
2 0.962500 0.421875 0.053125 0.053125
2 0.826562 0.407813 0.015625 0.015625
2 0.488281 0.423438 0.157812 0.040625
2 0.645312 0.421094 0.096875 0.029687
4 0.707812 0.354687 0.156250 0.106250
4 0.890625 0.371875 0.200000 0.093750
4 0.910156 0.425781 0.051562 0.014063
5 0.573438 0.136719 0.078125 0.220312
5 0.598437 0.283594 0.028125 0.057813
5 0.737500 0.347656 0.037500 0.085938
5 0.362500 0.394531 0.059375 0.048438
8 0.941406 0.422656 0.114062 0.020313
