2 0.152344 0.589844 0.079687 0.135937
2 0.510938 0.596875 0.112500 0.143750
2 0.351562 0.585938 0.062500 0.050000
2 0.632031 0.601562 0.098437 0.059375
2 0.906250 0.617188 0.137500 0.053125
4 0.422656 0.460156 0.142187 0.285938
4 0.224219 0.474219 0.226562 0.204687
4 0.803125 0.557031 0.090625 0.173437
4 0.713281 0.565625 0.085938 0.162500
5 0.770312 0.266406 0.087500 0.373437
5 0.202344 0.428906 0.023438 0.026562
5 0.734375 0.584375 0.021875 0.018750
6 0.446094 0.732812 0.042188 0.006250
8 0.528125 0.760156 0.218750 0.235937
