0 0.055469 0.825000 0.017188 0.056250
0 0.248438 0.826562 0.037500 0.056250
0 0.371094 0.824219 0.007812 0.032813
2 0.753125 0.885156 0.478125 0.226562
2 0.147656 0.882812 0.239063 0.109375
4 0.082812 0.660156 0.165625 0.676562
4 0.878125 0.710938 0.240625 0.150000
4 0.664062 0.774219 0.234375 0.060937
5 0.141406 0.260156 0.282813 0.520312
5 0.978906 0.359375 0.026562 0.131250
5 0.261719 0.575781 0.179688 0.129688
5 0.375781 0.695312 0.045312 0.140625
5 0.254688 0.756250 0.187500 0.140625
5 0.389062 0.759375 0.015625 0.025000
5 0.542969 0.769531 0.004687 0.026562
8 0.938281 0.818750 0.120313 0.093750
8 0.753906 0.808594 0.079687 0.023438
