0 0.776563 0.526563 0.100000 0.062500
0 0.901563 0.604688 0.093750 0.131250
0 0.332813 0.596094 0.034375 0.048438
1 0.840625 0.673438 0.103125 0.087500
2 0.475000 0.586719 0.046875 0.032813
4 0.660937 0.568750 0.268750 0.109375
4 0.415625 0.546094 0.021875 0.026562
5 0.842187 0.337500 0.065625 0.078125
5 0.185156 0.513281 0.367188 0.192188
5 0.598437 0.484375 0.053125 0.081250
5 0.457813 0.511719 0.068750 0.085938
6 0.107031 0.650000 0.045312 0.003125
6 0.689844 0.731250 0.054688 0.009375
6 0.185156 0.844531 0.117188 0.035937
7 0.775781 0.631250 0.017188 0.034375
