0 0.703906 0.384375 0.164062 0.081250
0 0.492969 0.410156 0.098437 0.114062
0 0.804688 0.375781 0.021875 0.042188
0 0.078125 0.417187 0.125000 0.121875
2 0.450000 0.400000 0.118750 0.087500
2 0.571875 0.399219 0.065625 0.070312
2 0.867188 0.493750 0.262500 0.240625
3 0.399219 0.427344 0.067187 0.057813
3 0.627344 0.434375 0.051562 0.068750
4 0.046094 0.379688 0.014063 0.021875
4 0.278906 0.452344 0.076563 0.098437
5 0.943750 0.130469 0.025000 0.029687
5 0.246875 0.362500 0.106250 0.196875
5 0.628125 0.341406 0.156250 0.135937
5 0.756250 0.327344 0.034375 0.092188
5 0.323437 0.309375 0.021875 0.018750
6 0.469531 0.545312 0.048438 0.009375
6 0.384375 0.875781 0.071875 0.042188
