2 0.092969 0.789844 0.185938 0.126562
2 0.356250 0.772656 0.103125 0.085938
2 0.519531 0.767969 0.064062 0.054688
2 0.721875 0.788281 0.187500 0.085938
3 0.466406 0.764062 0.014063 0.031250
4 0.939063 0.611719 0.118750 0.379688
4 0.650781 0.671094 0.217188 0.204687
5 0.935156 0.561719 0.126562 0.095312
5 0.689063 0.610156 0.078125 0.098437
5 0.126562 0.650000 0.150000 0.043750
5 0.396875 0.712500 0.115625 0.087500
5 0.510938 0.714844 0.078125 0.057813
6 0.214844 0.965625 0.195312 0.050000
7 0.610156 0.762500 0.010937 0.018750
7 0.475000 0.767188 0.012500 0.021875
8 0.531250 0.803125 0.246875 0.046875
8 0.257031 0.807031 0.076563 0.010937
