0 0.435156 0.653906 0.020313 0.064062
0 0.335156 0.651563 0.017188 0.053125
2 0.569531 0.693750 0.210938 0.184375
2 0.267188 0.646875 0.009375 0.015625
4 0.853906 0.171875 0.289062 0.343750
4 0.687500 0.556250 0.265625 0.237500
4 0.281250 0.562500 0.303125 0.196875
4 0.073438 0.557031 0.146875 0.126562
4 0.042969 0.617969 0.007812 0.032813
5 0.760938 0.565625 0.034375 0.106250
5 0.435937 0.595313 0.068750 0.162500
5 0.703906 0.628906 0.060937 0.039062
5 0.112500 0.637500 0.009375 0.037500
7 0.393750 0.650781 0.009375 0.045312
7 0.136719 0.654687 0.010937 0.040625
7 0.038281 0.651563 0.010937 0.031250
7 0.739844 0.659375 0.010937 0.025000
