0 0.204687 0.810156 0.103125 0.254688
0 0.732812 0.705469 0.018750 0.039062
0 0.315625 0.739062 0.078125 0.046875
0 0.060156 0.741406 0.017188 0.035937
2 0.675781 0.709375 0.067187 0.090625
2 0.560937 0.764062 0.150000 0.165625
2 0.435937 0.741406 0.081250 0.092188
2 0.135156 0.789844 0.192188 0.154688
2 0.235156 0.775781 0.045312 0.101562
3 0.242188 0.771094 0.053125 0.032813
3 0.171875 0.881250 0.171875 0.234375
4 0.419531 0.592969 0.210938 0.320312
4 0.652344 0.655469 0.017188 0.029687
4 0.092188 0.720313 0.118750 0.075000
5 0.857812 0.550000 0.065625 0.084375
5 0.039062 0.598437 0.078125 0.100000
5 0.239063 0.682813 0.078125 0.115625
5 0.434375 0.700000 0.059375 0.018750
