0 0.426563 0.430469 0.078125 0.098437
1 0.031250 0.461719 0.046875 0.060937
2 0.548438 0.396094 0.009375 0.017188
2 0.119531 0.439844 0.142187 0.095312
2 0.431250 0.409375 0.034375 0.028125
4 0.674219 0.235937 0.289062 0.346875
4 0.446094 0.371094 0.026562 0.010937
5 0.907031 0.146875 0.057813 0.028125
5 0.896875 0.316406 0.084375 0.195312
5 0.725781 0.354687 0.017188 0.084375
5 0.367188 0.328906 0.015625 0.017188
5 0.475000 0.379688 0.028125 0.031250
6 0.257812 0.518750 0.065625 0.009375
8 0.261719 0.379688 0.135937 0.050000
8 0.146094 0.384375 0.082812 0.050000
