0 0.075781 0.403906 0.020313 0.020313
0 0.303125 0.465625 0.018750 0.065625
0 0.410938 0.452344 0.009375 0.032813
2 0.470313 0.464844 0.187500 0.082812
2 0.689844 0.478906 0.170313 0.104688
4 0.817969 0.289844 0.182812 0.301563
4 0.980469 0.409375 0.035937 0.106250
4 0.525000 0.417969 0.181250 0.076563
5 0.160938 0.132812 0.040625 0.265625
5 0.318750 0.227344 0.146875 0.232813
5 0.586719 0.226562 0.014063 0.109375
5 0.439844 0.257031 0.007812 0.092188
5 0.953125 0.353125 0.021875 0.156250
5 0.605469 0.352344 0.060937 0.117188
5 0.695312 0.355469 0.034375 0.110937
5 0.441406 0.420312 0.035937 0.075000
5 0.917188 0.461719 0.071875 0.079687
6 0.849219 0.621875 0.073438 0.015625
7 0.314063 0.502344 0.046875 0.064062
