0 0.675781 0.639062 0.164062 0.078125
0 0.235937 0.628906 0.006250 0.035937
2 0.370312 0.632031 0.040625 0.042188
2 0.501563 0.625000 0.025000 0.028125
2 0.035937 0.814063 0.071875 0.368750
4 0.708594 0.473438 0.242188 0.425000
4 0.292969 0.554688 0.170313 0.190625
5 0.209375 0.504687 0.118750 0.084375
5 0.549219 0.493750 0.035937 0.040625
5 0.306250 0.620313 0.012500 0.034375
6 0.242969 0.722656 0.054688 0.007812
6 0.939844 0.792188 0.114062 0.021875
7 0.292187 0.632031 0.006250 0.020313
7 0.894531 0.674219 0.045312 0.104688
