0 0.746094 0.567969 0.057813 0.029687
1 0.928906 0.608594 0.035937 0.048438
2 0.288281 0.734375 0.576562 0.528125
2 0.973437 0.810937 0.050000 0.100000
3 0.624219 0.691406 0.089063 0.248438
3 0.700000 0.602344 0.025000 0.048438
3 0.834375 0.870313 0.318750 0.256250
4 0.176563 0.458594 0.200000 0.189062
4 0.567187 0.553906 0.121875 0.092188
5 0.805469 0.064844 0.295312 0.129688
5 0.933594 0.242188 0.129688 0.484375
5 0.600000 0.439844 0.162500 0.304688
5 0.353906 0.417969 0.154688 0.182812
5 0.642188 0.442969 0.221875 0.101562
5 0.820312 0.453906 0.078125 0.057813
5 0.059375 0.462500 0.118750 0.068750
5 0.411719 0.489063 0.085938 0.090625
5 0.750781 0.528125 0.079687 0.028125
6 0.602344 0.792188 0.073438 0.040625
