2 0.178906 0.663281 0.235937 0.148438
2 0.368750 0.700781 0.106250 0.089063
2 0.492188 0.744531 0.128125 0.170313
3 0.118750 0.624219 0.012500 0.017188
3 0.743750 0.948438 0.090625 0.100000
4 0.548438 0.672656 0.334375 0.285938
4 0.783594 0.688281 0.089063 0.254688
5 0.913281 0.478906 0.170313 0.460938
5 0.375000 0.629687 0.021875 0.053125
5 0.757812 0.720313 0.103125 0.103125
8 0.066406 0.596094 0.014063 0.017188
8 0.307812 0.687500 0.031250 0.031250
8 0.426563 0.722656 0.021875 0.035937
8 0.625781 0.781250 0.142187 0.087500
