2 0.886719 0.713281 0.014063 0.014063
2 0.575000 0.751563 0.031250 0.031250
2 0.149219 0.778125 0.192188 0.065625
2 0.275781 0.771875 0.045312 0.034375
3 0.181250 0.785937 0.015625 0.018750
4 0.107031 0.451562 0.214062 0.481250
4 0.857812 0.683594 0.281250 0.367188
4 0.481250 0.664062 0.521875 0.193750
4 0.199219 0.746875 0.020313 0.025000
5 0.065625 0.650781 0.096875 0.132812
5 0.180469 0.676562 0.107813 0.115625
8 0.866406 0.701562 0.126562 0.015625
8 0.725000 0.717187 0.034375 0.015625
8 0.379688 0.768750 0.125000 0.025000
