0 0.360156 0.439844 0.032813 0.051562
0 0.488281 0.479687 0.092188 0.121875
0 0.632812 0.459375 0.021875 0.068750
0 0.257031 0.472656 0.054688 0.067187
0 0.135156 0.560937 0.057813 0.240625
0 0.824219 0.546875 0.029687 0.115625
0 0.073438 0.598437 0.050000 0.168750
1 0.315625 0.450000 0.031250 0.021875
1 0.482031 0.461719 0.010937 0.023438
1 0.009375 0.927344 0.018750 0.089063
2 0.443750 0.455469 0.071875 0.085938
2 0.592969 0.439063 0.064062 0.050000
2 0.388281 0.473438 0.026562 0.050000
2 0.135937 0.507031 0.175000 0.092188
2 0.378125 0.553125 0.146875 0.096875
2 0.551562 0.857031 0.293750 0.282813
4 0.357031 0.375781 0.029687 0.089063
5 0.782813 0.299219 0.128125 0.204687
5 0.203125 0.317969 0.025000 0.010937
5 0.660156 0.456250 0.029687 0.121875
5 0.857812 0.564844 0.031250 0.060937
6 0.581250 0.598437 0.100000 0.056250
6 0.185938 0.628125 0.068750 0.015625
6 0.013281 0.696875 0.026562 0.025000
7 0.599219 0.460938 0.007812 0.034375
