0 0.841406 0.621875 0.098437 0.037500
0 0.764844 0.643750 0.045312 0.065625
0 0.002344 0.628125 0.004687 0.031250
2 0.956250 0.767188 0.084375 0.462500
2 0.417969 0.696094 0.095312 0.189062
2 0.578906 0.692969 0.070312 0.179688
2 0.120313 0.675000 0.240625 0.131250
2 0.694531 0.640625 0.095312 0.034375
3 0.511719 0.827344 0.135937 0.235937
4 0.021094 0.574219 0.042188 0.139063
4 0.600000 0.610156 0.056250 0.032813
5 0.885938 0.262500 0.031250 0.112500
5 0.814844 0.552344 0.054688 0.173437
5 0.935156 0.569531 0.057813 0.148438
5 0.110156 0.589063 0.151562 0.043750
5 0.200781 0.576562 0.017188 0.012500
7 0.867969 0.626563 0.014063 0.009375
8 0.614844 0.643750 0.064062 0.021875
