0 0.872656 0.350781 0.010937 0.017188
0 0.762500 0.370312 0.009375 0.018750
0 0.626563 0.384375 0.009375 0.015625
0 0.457031 0.416406 0.020313 0.051562
2 0.755469 0.569531 0.485938 0.507812
4 0.564063 0.349219 0.043750 0.057813
5 0.375000 0.177344 0.050000 0.170313
5 0.864844 0.279687 0.267188 0.068750
5 0.732812 0.304688 0.131250 0.087500
5 0.421875 0.327344 0.034375 0.045312
5 0.005469 0.339844 0.010937 0.039062
5 0.825000 0.350781 0.012500 0.020313
5 0.600781 0.357812 0.029687 0.015625
6 0.408594 0.490625 0.095312 0.046875
6 0.331250 0.602344 0.159375 0.048438
