0 0.301563 0.585938 0.046875 0.040625
2 0.307812 0.603125 0.137500 0.050000
2 0.684375 0.614062 0.150000 0.071875
2 0.536719 0.607031 0.057813 0.032813
4 0.433594 0.533594 0.132812 0.142187
4 0.728906 0.564063 0.064062 0.068750
4 0.640625 0.567969 0.046875 0.042188
5 0.245312 0.328906 0.025000 0.029687
5 0.026562 0.446875 0.053125 0.081250
5 0.900781 0.544531 0.082812 0.073438
5 0.160156 0.534375 0.120313 0.043750
5 0.619531 0.538281 0.029687 0.039062
5 0.286719 0.550000 0.064062 0.034375
5 0.732031 0.554688 0.029687 0.040625
5 0.497656 0.547656 0.029687 0.023438
7 0.732812 0.584375 0.012500 0.025000
