0 0.792969 0.732031 0.010937 0.045312
2 0.243750 0.717187 0.062500 0.062500
2 0.475781 0.710938 0.095312 0.015625
2 0.581250 0.714063 0.015625 0.015625
2 0.794531 0.730469 0.139063 0.045312
2 0.941406 0.725781 0.114062 0.020313
3 0.055469 0.853125 0.110937 0.290625
4 0.343750 0.675000 0.137500 0.118750
4 0.532813 0.703125 0.012500 0.028125
5 0.152344 0.299219 0.210938 0.379688
5 0.565625 0.656250 0.043750 0.090625
5 0.160156 0.701562 0.023438 0.134375
5 0.896094 0.684375 0.117188 0.078125
5 0.708594 0.684375 0.070312 0.025000
5 0.983594 0.689844 0.029687 0.023438
6 0.548438 0.948438 0.084375 0.028125
