0 0.965625 0.525781 0.065625 0.035937
0 0.844531 0.652344 0.035937 0.126562
2 0.705469 0.575000 0.310937 0.134375
2 0.954688 0.603906 0.087500 0.160938
2 0.016406 0.709375 0.032813 0.265625
2 0.893750 0.603125 0.050000 0.031250
2 0.942969 0.851562 0.110937 0.293750
4 0.409375 0.467969 0.453125 0.310937
4 0.788281 0.503125 0.185938 0.106250
5 0.875000 0.531250 0.028125 0.115625
6 0.250000 0.689844 0.037500 0.007812
6 0.773438 0.737500 0.128125 0.031250
6 0.514844 0.735156 0.067187 0.007812
7 0.888281 0.689844 0.070312 0.142187
7 0.029687 0.636719 0.015625 0.032813
