2 0.335156 0.582031 0.129688 0.085938
2 0.446875 0.584375 0.078125 0.084375
2 0.014063 0.625000 0.028125 0.137500
4 0.593750 0.348438 0.118750 0.206250
4 0.746094 0.361719 0.160938 0.151562
4 0.252344 0.593750 0.295312 0.090625
4 0.551562 0.611719 0.096875 0.073438
5 0.156250 0.489844 0.228125 0.264062
5 0.310937 0.447656 0.087500 0.060937
5 0.041406 0.464062 0.060937 0.021875
5 0.297656 0.562500 0.035937 0.075000
5 0.082031 0.585156 0.007812 0.020313
5 0.748437 0.618750 0.012500 0.018750
6 0.076563 0.612500 0.071875 0.009375
6 0.450781 0.763281 0.029687 0.007812
6 0.032031 0.804688 0.054688 0.018750
7 0.920312 0.653906 0.025000 0.051562
