0 0.125000 0.493750 0.012500 0.075000
0 0.978906 0.531250 0.017188 0.096875
2 0.433594 0.492188 0.120313 0.159375
2 0.571094 0.512500 0.095312 0.115625
2 0.685937 0.503906 0.046875 0.057813
2 0.899219 0.553125 0.051562 0.071875
3 0.364063 0.528125 0.015625 0.053125
3 0.503906 0.536719 0.017188 0.048438
4 0.460156 0.402344 0.098437 0.142187
4 0.244531 0.527344 0.026562 0.017188
5 0.396875 0.272656 0.031250 0.039062
5 0.505469 0.325000 0.026562 0.031250
5 0.254688 0.389062 0.025000 0.075000
5 0.164844 0.410938 0.045312 0.053125
8 0.808594 0.650000 0.379688 0.246875
