0 0.834375 0.835938 0.103125 0.046875
1 0.432031 0.853906 0.014063 0.026562
2 0.158594 0.874219 0.317188 0.248438
2 0.939844 0.851562 0.117188 0.165625
2 0.550000 0.850781 0.081250 0.101562
2 0.710156 0.845313 0.148438 0.087500
4 0.617188 0.798438 0.006250 0.021875
4 0.842187 0.863281 0.062500 0.014063
5 0.222656 0.271875 0.048438 0.484375
5 0.968750 0.171875 0.059375 0.093750
5 0.815625 0.435937 0.037500 0.065625
5 0.181250 0.475000 0.006250 0.071875
5 0.387500 0.702344 0.018750 0.139063
5 0.741406 0.762500 0.032813 0.046875
5 0.366406 0.805469 0.017188 0.107813
5 0.840625 0.803125 0.018750 0.053125
