0 0.848437 0.679688 0.018750 0.081250
0 0.704688 0.683594 0.087500 0.048438
0 0.629687 0.690625 0.006250 0.028125
0 0.500000 0.722656 0.059375 0.048438
0 0.057813 0.803125 0.028125 0.071875
2 0.932813 0.660156 0.131250 0.214062
2 0.253906 0.829688 0.429688 0.337500
2 0.539844 0.702344 0.026562 0.045312
2 0.035156 0.826562 0.045312 0.050000
4 0.211719 0.407031 0.164062 0.614062
4 0.081250 0.625781 0.162500 0.335938
4 0.788281 0.614844 0.023438 0.039062
4 0.430469 0.682813 0.045312 0.081250
5 0.710938 0.583594 0.037500 0.114062
5 0.858594 0.606250 0.073438 0.031250
5 0.766406 0.624219 0.039062 0.023438
5 0.224219 0.668750 0.054688 0.046875
5 0.587500 0.670312 0.009375 0.043750
5 0.465625 0.707812 0.009375 0.025000
5 0.164844 0.714063 0.014063 0.018750
7 0.108594 0.808594 0.017188 0.076563
