0 0.150781 0.525781 0.051562 0.167187
0 0.320312 0.522656 0.025000 0.035937
2 0.876563 0.505469 0.243750 0.164062
2 0.532813 0.492188 0.090625 0.096875
2 0.224219 0.529687 0.095312 0.043750
3 0.470313 0.517188 0.009375 0.025000
4 0.890625 0.273438 0.215625 0.318750
4 0.437500 0.459375 0.184375 0.115625
5 0.044531 0.417969 0.035937 0.032813
5 0.680469 0.449219 0.117188 0.060937
5 0.767969 0.448437 0.039062 0.028125
5 0.194531 0.472656 0.060937 0.029687
5 0.581250 0.468750 0.025000 0.018750
6 0.722656 0.597656 0.045312 0.007812
7 0.707031 0.496875 0.067187 0.040625
