0 0.128906 0.471094 0.014063 0.057813
0 0.253906 0.467187 0.007812 0.031250
2 0.751563 0.436719 0.021875 0.029687
2 0.315625 0.482812 0.215625 0.100000
4 0.672656 0.354687 0.239063 0.293750
4 0.548438 0.351562 0.218750 0.225000
4 0.475781 0.494531 0.042188 0.017188
5 0.093750 0.246094 0.025000 0.117188
5 0.014063 0.352344 0.015625 0.010937
5 0.688281 0.414844 0.017188 0.039062
5 0.590625 0.405469 0.006250 0.014063
5 0.486719 0.416406 0.020313 0.007812
7 0.879687 0.479687 0.012500 0.046875
7 0.143750 0.478906 0.009375 0.029687
