0 0.553906 0.678906 0.051562 0.095312
0 0.863281 0.681250 0.129688 0.100000
0 0.218750 0.688281 0.028125 0.076563
0 0.350000 0.660156 0.012500 0.010937
2 0.092188 0.803125 0.184375 0.390625
2 0.732031 0.682031 0.129688 0.082812
2 0.475781 0.657031 0.117188 0.014063
4 0.002344 0.533594 0.004687 0.039062
4 0.635938 0.639062 0.078125 0.037500
5 0.896094 0.574219 0.135937 0.210938
5 0.291406 0.611719 0.176563 0.057813
5 0.990625 0.672656 0.015625 0.014063
7 0.823438 0.678125 0.006250 0.021875
7 0.500000 0.692187 0.012500 0.040625
8 0.594531 0.685156 0.160938 0.048438
8 0.395313 0.688281 0.221875 0.045312
