0 0.799219 0.684375 0.007812 0.037500
0 0.320312 0.714063 0.021875 0.071875
1 0.003906 0.750781 0.007812 0.026562
2 0.732812 0.700781 0.128125 0.132812
2 0.954688 0.711719 0.087500 0.135937
2 0.369531 0.707812 0.095312 0.059375
2 0.303906 0.715625 0.014063 0.046875
2 0.164062 0.717969 0.096875 0.032813
3 0.028125 0.737500 0.025000 0.053125
4 0.525000 0.650781 0.093750 0.070312
4 0.525781 0.714063 0.310937 0.118750
5 0.042969 0.567969 0.085938 0.167187
5 0.504687 0.628125 0.009375 0.056250
5 0.360156 0.657031 0.035937 0.039062
5 0.633594 0.677344 0.017188 0.023438
5 0.214844 0.692187 0.007812 0.034375
8 0.633594 0.700781 0.076563 0.020313
