0 0.553125 0.567187 0.090625 0.118750
0 0.228906 0.534375 0.160938 0.050000
0 0.637500 0.567969 0.062500 0.110937
0 0.421094 0.571094 0.101562 0.110937
0 0.321094 0.536719 0.007812 0.035937
1 0.288281 0.575781 0.020313 0.032813
2 0.255469 0.557031 0.132812 0.082812
2 0.085938 0.571875 0.171875 0.096875
2 0.390625 0.538281 0.018750 0.020313
3 0.304688 0.624219 0.228125 0.179688
3 0.611719 0.555469 0.023438 0.042188
3 0.085938 0.671094 0.171875 0.220312
4 0.655469 0.382031 0.135937 0.192188
5 0.925781 0.182031 0.145313 0.364063
5 0.795312 0.195312 0.059375 0.309375
5 0.009375 0.434375 0.018750 0.025000
5 0.244531 0.461719 0.032813 0.004687
5 0.466406 0.543750 0.035937 0.103125
5 0.664062 0.592187 0.009375 0.018750
6 0.158594 0.773438 0.123438 0.025000
6 0.646875 0.829688 0.212500 0.053125
