2 0.110156 0.587500 0.220312 0.168750
2 0.371094 0.605469 0.192188 0.120313
2 0.695312 0.663281 0.178125 0.207813
4 0.379688 0.515625 0.050000 0.031250
4 0.567187 0.557031 0.121875 0.045312
4 0.230469 0.582031 0.026562 0.039062
5 0.331250 0.526563 0.068750 0.040625
5 0.427344 0.570312 0.017188 0.015625
5 0.841406 0.621094 0.035937 0.032813
8 0.539844 0.621875 0.151562 0.043750
8 0.254688 0.618750 0.065625 0.012500
8 0.817969 0.653125 0.092188 0.043750
8 0.933594 0.791406 0.129688 0.301563
8 0.015625 0.660937 0.031250 0.015625
