2 0.245312 0.570312 0.218750 0.115625
2 0.480469 0.578906 0.242188 0.051562
2 0.639062 0.578906 0.034375 0.029687
2 0.008594 0.632031 0.017188 0.023438
4 0.868750 0.275781 0.075000 0.117188
4 0.046094 0.439063 0.092188 0.059375
4 0.419531 0.541406 0.160938 0.079687
4 0.532031 0.535156 0.057813 0.035937
4 0.006250 0.616406 0.012500 0.010937
5 0.215625 0.492188 0.165625 0.128125
5 0.625000 0.525781 0.018750 0.023438
5 0.007812 0.588281 0.015625 0.042188
5 0.743750 0.585938 0.018750 0.034375
5 0.428906 0.581250 0.007812 0.015625
8 0.503125 0.567187 0.146875 0.034375
8 0.388281 0.571094 0.035937 0.010937
