1 0.922656 0.595313 0.014063 0.025000
2 0.766406 0.558594 0.232813 0.251563
2 0.007812 0.491406 0.015625 0.104688
2 0.544531 0.566406 0.204687 0.189062
2 0.344531 0.546875 0.045312 0.043750
2 0.962500 0.589063 0.071875 0.034375
3 0.933594 0.597656 0.014063 0.023438
4 0.428906 0.498437 0.076563 0.181250
5 0.806250 0.278906 0.037500 0.073438
5 0.375000 0.486719 0.071875 0.195312
5 0.986719 0.542969 0.023438 0.026562
5 0.341406 0.538281 0.017188 0.007812
5 0.651563 0.549219 0.012500 0.017188
6 0.700000 0.641406 0.028125 0.007812
