0 0.685937 0.496875 0.121875 0.096875
0 0.330469 0.489844 0.057813 0.073438
0 0.433594 0.473438 0.007812 0.037500
0 0.592187 0.479687 0.018750 0.043750
0 0.800000 0.512500 0.040625 0.109375
1 0.037500 0.624219 0.075000 0.185938
2 0.395313 0.495312 0.075000 0.096875
2 0.504687 0.484375 0.093750 0.056250
2 0.028906 0.529687 0.057813 0.087500
4 0.100000 0.168750 0.025000 0.065625
4 0.437500 0.305469 0.050000 0.301563
4 0.301563 0.458594 0.078125 0.032813
5 0.819531 0.341406 0.017188 0.035937
5 0.689063 0.368750 0.043750 0.068750
5 0.919531 0.464844 0.017188 0.082812
7 0.354687 0.540625 0.028125 0.068750
