0 0.856250 0.510156 0.068750 0.132812
0 0.089063 0.531250 0.134375 0.156250
0 0.745313 0.541406 0.128125 0.164062
0 0.442969 0.521094 0.014063 0.032813
0 0.591406 0.523438 0.010937 0.021875
2 0.521875 0.530469 0.118750 0.048438
2 0.649219 0.525000 0.070312 0.028125
4 0.522656 0.487500 0.032813 0.062500
5 0.138281 0.425000 0.217188 0.043750
5 0.413281 0.435937 0.085938 0.046875
5 0.628125 0.489844 0.009375 0.014063
6 0.300000 0.627344 0.040625 0.007812
6 0.127344 0.708594 0.107813 0.098437
6 0.033594 0.796094 0.067187 0.029687
8 0.814844 0.729688 0.367188 0.396875
