0 0.714063 0.617188 0.062500 0.250000
0 0.877344 0.617188 0.073438 0.181250
0 0.104688 0.663281 0.125000 0.207813
0 0.751563 0.603906 0.009375 0.023438
0 0.400000 0.615625 0.006250 0.025000
2 0.507031 0.626563 0.195312 0.103125
2 0.350000 0.650000 0.109375 0.106250
2 0.632812 0.617188 0.021875 0.037500
4 0.840625 0.099219 0.315625 0.198437
4 0.725781 0.535937 0.220312 0.206250
5 0.350781 0.503906 0.042188 0.057813
5 0.135937 0.594531 0.034375 0.142187
8 0.306250 0.785937 0.028125 0.009375
8 0.228125 0.854688 0.040625 0.012500
