0 0.873437 0.519531 0.059375 0.054688
0 0.617188 0.567187 0.012500 0.037500
0 0.250000 0.573438 0.015625 0.025000
2 0.841406 0.719531 0.314063 0.557813
2 0.557031 0.589844 0.104688 0.135937
2 0.400781 0.609375 0.117188 0.121875
2 0.121094 0.839844 0.242188 0.317188
3 0.310156 0.603125 0.092188 0.078125
3 0.484375 0.662500 0.053125 0.128125
4 0.691406 0.486719 0.442188 0.207813
4 0.733594 0.453125 0.048438 0.028125
4 0.465625 0.529687 0.006250 0.021875
5 0.812500 0.087500 0.018750 0.103125
5 0.685156 0.464844 0.160938 0.129688
5 0.790625 0.492969 0.043750 0.060937
5 0.595313 0.517188 0.012500 0.028125
5 0.403125 0.535937 0.012500 0.025000
