2 0.949219 0.628906 0.082812 0.064062
2 0.830469 0.800781 0.335938 0.395313
2 0.094531 0.631250 0.020313 0.025000
2 0.523438 0.663281 0.159375 0.073438
2 0.278906 0.650781 0.048438 0.017188
2 0.416406 0.656250 0.010937 0.012500
3 0.610156 0.663281 0.010937 0.023438
4 0.953125 0.555469 0.090625 0.142187
4 0.757812 0.560156 0.031250 0.023438
4 0.562500 0.612500 0.156250 0.081250
4 0.426563 0.628125 0.096875 0.084375
4 0.914844 0.637500 0.010937 0.018750
5 0.370312 0.636719 0.028125 0.082812
5 0.072656 0.618750 0.017188 0.015625
