0 0.766406 0.553125 0.060937 0.212500
0 0.534375 0.526563 0.131250 0.146875
2 0.932031 0.477344 0.101562 0.060937
3 0.648438 0.581250 0.109375 0.190625
4 0.851562 0.283594 0.228125 0.332813
4 0.565625 0.350000 0.125000 0.321875
5 0.489844 0.372656 0.020313 0.104688
5 0.957812 0.360156 0.081250 0.067187
5 0.787500 0.424219 0.021875 0.026562
5 0.040625 0.592187 0.071875 0.206250
5 0.194531 0.562500 0.035937 0.140625
5 0.277344 0.543750 0.020313 0.100000
6 0.814063 0.802344 0.115625 0.035937
8 0.839844 0.596875 0.317188 0.146875
