0 0.796875 0.592187 0.071875 0.353125
0 0.546875 0.641406 0.031250 0.095312
0 0.408594 0.660937 0.010937 0.028125
0 0.029687 0.735156 0.021875 0.120313
1 0.715625 0.682813 0.053125 0.184375
1 0.610156 0.700000 0.045312 0.150000
1 0.233594 0.821094 0.270313 0.354687
2 0.989062 0.592969 0.018750 0.076563
2 0.185156 0.645312 0.067187 0.050000
2 0.461719 0.667969 0.104688 0.064062
2 0.355469 0.684375 0.079687 0.071875
2 0.107813 0.726562 0.165625 0.137500
4 0.906250 0.412500 0.184375 0.446875
4 0.500781 0.584375 0.020313 0.109375
5 0.837500 0.518750 0.037500 0.112500
5 0.658594 0.546875 0.014063 0.025000
5 0.120313 0.578906 0.062500 0.042188
5 0.313281 0.648438 0.017188 0.071875
