0 0.168750 0.667969 0.015625 0.023438
2 0.121094 0.674219 0.079687 0.067187
2 0.354687 0.685937 0.234375 0.084375
2 0.007812 0.679688 0.015625 0.028125
2 0.967969 0.730469 0.029687 0.017188
4 0.058594 0.582031 0.117188 0.167187
4 0.974219 0.567187 0.010937 0.046875
4 0.903906 0.688281 0.189062 0.254688
4 0.028125 0.656250 0.056250 0.046875
4 0.329688 0.646094 0.012500 0.010937
5 0.569531 0.551562 0.076563 0.081250
5 0.460156 0.628125 0.039062 0.050000
5 0.230469 0.654687 0.085938 0.037500
5 0.180469 0.660156 0.007812 0.023438
5 0.889844 0.698438 0.151562 0.081250
5 0.732812 0.689844 0.015625 0.051562
7 0.840625 0.764062 0.028125 0.056250
