0 0.955469 0.374219 0.085938 0.048438
2 0.785156 0.542969 0.426563 0.410938
2 0.499219 0.406250 0.032813 0.043750
2 0.226562 0.400000 0.031250 0.015625
3 0.510938 0.414062 0.037500 0.046875
4 0.105469 0.314063 0.142187 0.190625
4 0.866406 0.317188 0.139063 0.068750
4 0.581250 0.442188 0.125000 0.056250
4 0.029687 0.466406 0.059375 0.042188
5 0.804688 0.226562 0.037500 0.028125
5 0.389844 0.293750 0.070312 0.128125
5 0.146875 0.343750 0.056250 0.050000
5 0.306250 0.334375 0.068750 0.025000
5 0.065625 0.377344 0.053125 0.070312
