0 0.861719 0.477344 0.014063 0.045312
2 0.948438 0.514062 0.100000 0.425000
2 0.155469 0.671094 0.310937 0.573438
2 0.518750 0.527344 0.450000 0.148438
2 0.819531 0.478125 0.073438 0.028125
3 0.828125 0.533594 0.115625 0.157812
4 0.800000 0.309375 0.328125 0.484375
5 0.940625 0.237500 0.115625 0.168750
5 0.197656 0.354687 0.395313 0.278125
5 0.708594 0.321094 0.123438 0.129688
5 0.546094 0.354687 0.182812 0.190625
5 0.699219 0.423438 0.117188 0.137500
5 0.410156 0.438281 0.057813 0.082812
5 0.818750 0.442969 0.018750 0.010937
