2 0.532031 0.616406 0.007812 0.026562
2 0.417187 0.633594 0.006250 0.026562
3 0.333594 0.652344 0.023438 0.042188
4 0.918750 0.096094 0.159375 0.192188
4 0.944531 0.506250 0.107813 0.309375
4 0.781250 0.479687 0.131250 0.128125
4 0.372656 0.590625 0.023438 0.021875
5 0.771875 0.329688 0.046875 0.028125
5 0.639062 0.400781 0.050000 0.020313
5 0.879687 0.462500 0.037500 0.065625
5 0.692187 0.552344 0.146875 0.154688
5 0.338281 0.518750 0.045312 0.012500
5 0.551562 0.584375 0.018750 0.025000
5 0.253125 0.609375 0.018750 0.037500
6 0.244531 0.664062 0.014063 0.009375
