2 0.548438 0.749219 0.178125 0.201563
2 0.402344 0.725781 0.104688 0.145313
2 0.823438 0.731250 0.153125 0.096875
2 0.955469 0.732031 0.085938 0.098437
2 0.011719 0.976562 0.023438 0.043750
4 0.742188 0.621875 0.156250 0.253125
4 0.987500 0.556250 0.006250 0.015625
4 0.439844 0.636719 0.167187 0.073438
4 0.175000 0.676562 0.350000 0.115625
5 0.090625 0.589063 0.096875 0.043750
5 0.570312 0.643750 0.009375 0.015625
5 0.367188 0.665625 0.015625 0.021875
5 0.232813 0.723437 0.068750 0.012500
5 0.680469 0.736719 0.010937 0.014063
6 0.824219 0.845313 0.082812 0.021875
