0 0.679688 0.735156 0.121875 0.082812
0 0.468750 0.752344 0.059375 0.042188
2 0.852344 0.827344 0.292187 0.342187
2 0.458594 0.752344 0.185938 0.045312
2 0.137500 0.755469 0.109375 0.045312
2 0.069531 0.875000 0.139063 0.246875
4 0.267969 0.645312 0.367188 0.212500
4 0.559375 0.682031 0.081250 0.117188
5 0.432031 0.497656 0.029687 0.020313
5 0.588281 0.603125 0.014063 0.056250
5 0.834375 0.606250 0.012500 0.040625
5 0.703906 0.647656 0.070312 0.101562
5 0.408594 0.680469 0.079687 0.076563
5 0.785937 0.716406 0.006250 0.035937
6 0.465625 0.826562 0.125000 0.021875
