0 0.237500 0.556250 0.021875 0.062500
0 0.410156 0.572656 0.073438 0.054688
0 0.901563 0.604688 0.012500 0.050000
1 0.407813 0.583594 0.090625 0.035937
2 0.013281 0.554688 0.026562 0.040625
2 0.623437 0.587500 0.128125 0.053125
4 0.096094 0.364063 0.151562 0.431250
4 0.544531 0.422656 0.198437 0.348438
4 0.686719 0.544531 0.079687 0.082812
5 0.445312 0.132031 0.068750 0.132812
5 0.907813 0.169531 0.028125 0.157812
5 0.260937 0.449219 0.240625 0.095312
5 0.221094 0.465625 0.010937 0.021875
5 0.964063 0.527344 0.068750 0.032813
6 0.679688 0.678125 0.056250 0.006250
