0 0.544531 0.514062 0.073438 0.271875
0 0.264844 0.548438 0.092188 0.306250
0 0.606250 0.457031 0.021875 0.070312
1 0.864844 0.489063 0.032813 0.071875
1 0.770312 0.475781 0.015625 0.042188
2 0.917969 0.452344 0.070312 0.092188
2 0.667969 0.435937 0.095312 0.034375
2 0.296094 0.491406 0.129688 0.089063
2 0.407031 0.492969 0.073438 0.082812
2 0.223438 0.507031 0.012500 0.042188
4 0.228125 0.285156 0.046875 0.217188
4 0.885156 0.335938 0.129688 0.137500
4 0.480469 0.393750 0.120313 0.065625
5 0.164062 0.195312 0.240625 0.390625
6 0.932031 0.506250 0.042188 0.003125
7 0.336719 0.528125 0.029687 0.056250
