0 0.898438 0.629687 0.006250 0.018750
1 0.135156 0.641406 0.020313 0.032813
2 0.097656 0.642188 0.195312 0.093750
2 0.348438 0.635156 0.231250 0.060937
2 0.714063 0.629687 0.084375 0.031250
2 0.829688 0.629687 0.128125 0.025000
2 0.542969 0.632031 0.020313 0.023438
4 0.598437 0.581250 0.131250 0.112500
4 0.518750 0.616406 0.021875 0.023438
4 0.830469 0.642188 0.042188 0.031250
4 0.968750 0.653906 0.059375 0.026562
5 0.971094 0.411719 0.054688 0.176563
5 0.373437 0.546875 0.028125 0.009375
5 0.235937 0.578906 0.075000 0.048438
5 0.905469 0.595313 0.051562 0.025000
