0 0.975000 0.627344 0.046875 0.170313
0 0.371875 0.611719 0.031250 0.048438
0 0.232031 0.640625 0.023438 0.103125
1 0.776563 0.705469 0.062500 0.129688
2 0.854688 0.662500 0.215625 0.171875
2 0.995313 0.601562 0.006250 0.037500
2 0.110937 0.639844 0.075000 0.101562
2 0.593750 0.653906 0.337500 0.126562
2 0.177344 0.629687 0.035937 0.071875
4 0.843750 0.310156 0.309375 0.620313
4 0.494531 0.503906 0.117188 0.164062
4 0.430469 0.577344 0.029687 0.060937
5 0.355469 0.517969 0.042188 0.051562
5 0.312500 0.625781 0.028125 0.039062
7 0.156250 0.667188 0.037500 0.084375
