0 0.063281 0.157812 0.035937 0.068750
0 0.373437 0.587500 0.146875 0.193750
0 0.547656 0.587500 0.107813 0.150000
0 0.248438 0.599219 0.006250 0.039062
2 0.739844 0.569531 0.201563 0.082812
2 0.129688 0.607031 0.018750 0.032813
4 0.537500 0.462500 0.062500 0.087500
5 0.426563 0.491406 0.071875 0.254688
5 0.937500 0.480469 0.121875 0.048438
5 0.832812 0.504687 0.106250 0.090625
5 0.126562 0.573438 0.150000 0.218750
5 0.192969 0.540625 0.017188 0.081250
5 0.327344 0.562500 0.085938 0.100000
5 0.521875 0.559375 0.003125 0.028125
6 0.686719 0.639062 0.039062 0.009375
