0 0.575000 0.675000 0.009375 0.046875
0 0.741406 0.732812 0.017188 0.128125
2 0.523438 0.720313 0.093750 0.140625
2 0.319531 0.732031 0.301563 0.160938
2 0.673438 0.681250 0.078125 0.037500
2 0.778906 0.689844 0.045312 0.042188
4 0.909375 0.418750 0.178125 0.343750
4 0.207813 0.548438 0.415625 0.425000
4 0.513281 0.554688 0.017188 0.059375
4 0.875781 0.679688 0.201563 0.162500
5 0.791406 0.398438 0.079687 0.059375
5 0.965625 0.554688 0.031250 0.040625
5 0.814844 0.723437 0.045312 0.040625
7 0.989844 0.681250 0.014063 0.034375
