0 0.039062 0.517188 0.056250 0.203125
0 0.917188 0.459375 0.093750 0.071875
0 0.175781 0.501563 0.129688 0.150000
0 0.339062 0.489844 0.134375 0.110937
0 0.558594 0.481250 0.076563 0.087500
0 0.755469 0.459375 0.082812 0.037500
0 0.454688 0.482812 0.087500 0.071875
0 0.677344 0.458594 0.010937 0.020313
2 0.603906 0.475781 0.082812 0.054688
2 0.466406 0.473438 0.089063 0.037500
2 0.403906 0.474219 0.017188 0.029687
4 0.626563 0.346094 0.200000 0.239063
4 0.804688 0.407813 0.134375 0.084375
5 0.771094 0.384375 0.079687 0.065625
5 0.473438 0.446094 0.087500 0.064062
6 0.728906 0.596094 0.067187 0.020313
7 0.492969 0.508594 0.070312 0.070312
