0 0.587500 0.527344 0.009375 0.029687
0 0.378906 0.542969 0.010937 0.029687
0 0.769531 0.599219 0.101562 0.089063
0 0.112500 0.629687 0.065625 0.109375
0 0.017969 0.635156 0.035937 0.082812
0 0.936719 0.825000 0.095312 0.259375
1 0.717969 0.542188 0.039062 0.025000
1 0.843750 0.579688 0.025000 0.043750
2 0.828125 0.546875 0.146875 0.068750
2 0.453906 0.543750 0.101562 0.040625
2 0.016406 0.592969 0.032813 0.048438
3 0.114062 0.576562 0.028125 0.040625
4 0.742188 0.359375 0.153125 0.375000
4 0.853125 0.300781 0.053125 0.120313
5 0.578906 0.469531 0.051562 0.026562
5 0.717187 0.478906 0.015625 0.014063
5 0.255469 0.491406 0.167187 0.007812
7 0.881250 0.660156 0.043750 0.067187
