2 0.496875 0.788281 0.146875 0.073438
2 0.837500 0.778125 0.015625 0.015625
2 0.278125 0.798438 0.196875 0.053125
2 0.626563 0.792188 0.037500 0.034375
2 0.074219 0.825781 0.148438 0.064062
4 0.060937 0.767969 0.121875 0.064062
4 0.349219 0.756250 0.039062 0.021875
4 0.518750 0.760938 0.050000 0.028125
5 0.254688 0.741406 0.075000 0.060937
5 0.578125 0.758594 0.009375 0.032813
5 0.783594 0.767188 0.067187 0.043750
8 0.304688 0.789844 0.262500 0.057813
8 0.100781 0.817187 0.114062 0.034375
8 0.018750 0.824219 0.037500 0.029687
