0 0.067969 0.596094 0.082812 0.045312
0 0.128906 0.591406 0.014063 0.017188
0 0.566406 0.687500 0.042188 0.184375
0 0.755469 0.620313 0.076563 0.050000
0 0.632812 0.628906 0.012500 0.051562
0 0.900000 0.662500 0.037500 0.118750
2 0.235937 0.614062 0.453125 0.065625
2 0.832812 0.612500 0.081250 0.043750
2 0.662500 0.618750 0.046875 0.031250
4 0.480469 0.501563 0.235937 0.318750
4 0.079687 0.572656 0.021875 0.073438
4 0.732812 0.581250 0.093750 0.031250
5 0.086719 0.556250 0.164062 0.071875
5 0.490625 0.592187 0.100000 0.140625
5 0.634375 0.573438 0.056250 0.084375
5 0.314844 0.570312 0.189062 0.056250
5 0.901563 0.591406 0.121875 0.095312
5 0.769531 0.590625 0.010937 0.028125
6 0.489844 0.744531 0.085938 0.060937
6 0.959375 0.771875 0.078125 0.025000
6 0.753906 0.789844 0.145313 0.054688
6 0.396875 0.835938 0.065625 0.031250
6 0.264844 0.931250 0.098437 0.056250
7 0.861719 0.585938 0.017188 0.025000
