0 0.563281 0.307031 0.048438 0.092188
0 0.907813 0.307812 0.084375 0.037500
0 0.975781 0.310156 0.045312 0.039062
1 0.709375 0.350781 0.012500 0.045312
2 0.607812 0.300000 0.046875 0.031250
2 0.808594 0.307812 0.042188 0.031250
3 0.799219 0.313281 0.014063 0.020313
4 0.197656 0.209375 0.089063 0.037500
4 0.579688 0.265625 0.103125 0.046875
4 0.935156 0.275000 0.120313 0.059375
5 0.727344 0.007031 0.035937 0.014063
5 0.006250 0.066406 0.012500 0.010937
5 0.517969 0.191406 0.123438 0.098437
5 0.650781 0.234375 0.014063 0.028125
5 0.742969 0.281250 0.010937 0.018750
