0 0.855469 0.788281 0.023438 0.039062
0 0.625781 0.779687 0.014063 0.018750
2 0.285156 0.766406 0.167187 0.114062
2 0.185938 0.789062 0.081250 0.115625
2 0.428906 0.782813 0.085938 0.040625
2 0.971875 0.832031 0.053125 0.114062
2 0.717187 0.824219 0.218750 0.095312
4 0.982812 0.620313 0.031250 0.234375
4 0.508594 0.673438 0.267188 0.225000
4 0.304688 0.678125 0.137500 0.128125
4 0.729688 0.700000 0.162500 0.156250
4 0.373437 0.728125 0.031250 0.037500
8 0.268750 0.755469 0.096875 0.079687
8 0.684375 0.892969 0.628125 0.210938
