0 0.832031 0.741406 0.057813 0.079687
0 0.750781 0.749219 0.039062 0.079687
0 0.229687 0.762500 0.106250 0.081250
0 0.575000 0.744531 0.012500 0.017188
0 0.105469 0.767188 0.007812 0.040625
2 0.361719 0.785156 0.214062 0.160938
2 0.667969 0.750000 0.110937 0.031250
4 0.496094 0.612500 0.160938 0.643750
4 0.664844 0.665625 0.164062 0.240625
4 0.571094 0.702344 0.051562 0.070312
5 0.807031 0.553906 0.048438 0.114062
5 0.087500 0.735938 0.025000 0.134375
5 0.530469 0.742188 0.004687 0.037500
6 0.909375 0.849219 0.075000 0.010937
6 0.727344 0.846875 0.035937 0.003125
7 0.545312 0.758594 0.009375 0.020313
7 0.657031 0.779687 0.023438 0.059375
