0 0.913281 0.847656 0.101562 0.276562
0 0.458594 0.796094 0.010937 0.023438
0 0.044531 0.812500 0.057813 0.046875
2 0.510938 0.849219 0.271875 0.154688
2 0.192969 0.858594 0.270313 0.151562
2 0.352344 0.807031 0.029687 0.020313
2 0.712500 0.824219 0.006250 0.035937
2 0.839063 0.830469 0.009375 0.045312
3 0.983594 0.815625 0.029687 0.053125
4 0.285156 0.682813 0.273438 0.256250
4 0.430469 0.763281 0.010937 0.020313
4 0.687500 0.817187 0.050000 0.025000
5 0.637500 0.621875 0.021875 0.118750
5 0.449219 0.644531 0.010937 0.020313
7 0.653906 0.820312 0.014063 0.043750
