0 0.072656 0.558594 0.076563 0.085938
0 0.397656 0.550781 0.010937 0.029687
0 0.620313 0.605469 0.037500 0.132812
0 0.871094 0.723437 0.070312 0.365625
2 0.161719 0.567969 0.185938 0.092188
2 0.453906 0.588281 0.239063 0.107813
2 0.879687 0.607812 0.068750 0.071875
4 0.489844 0.459375 0.051562 0.171875
5 0.939844 0.080469 0.117188 0.160938
5 0.164844 0.460938 0.057813 0.078125
5 0.028125 0.468750 0.037500 0.012500
5 0.603125 0.504687 0.050000 0.025000
5 0.870313 0.519531 0.084375 0.029687
5 0.723437 0.516406 0.006250 0.020313
6 0.425781 0.808594 0.192188 0.060937
7 0.057031 0.577344 0.004687 0.023438
7 0.769531 0.611719 0.154688 0.076563
