0 0.027344 0.467969 0.045312 0.173437
0 0.229687 0.493750 0.084375 0.040625
0 0.949219 0.585938 0.048438 0.068750
1 0.048438 0.518750 0.096875 0.075000
2 0.419531 0.520312 0.220312 0.162500
2 0.237500 0.487500 0.040625 0.059375
2 0.697656 0.582031 0.320312 0.210938
2 0.929688 0.581250 0.059375 0.059375
4 0.929688 0.471875 0.093750 0.103125
4 0.293750 0.459375 0.109375 0.053125
5 0.084375 0.253125 0.134375 0.062500
5 0.093750 0.373437 0.171875 0.103125
5 0.614062 0.419531 0.356250 0.142187
5 0.414062 0.443750 0.006250 0.028125
5 0.839063 0.479687 0.084375 0.068750
