2 0.448437 0.816406 0.075000 0.098437
2 0.741406 0.832812 0.135937 0.096875
2 0.574219 0.835156 0.095312 0.082812
2 0.219531 0.805469 0.014063 0.017188
4 0.800781 0.750781 0.395313 0.426563
4 0.186719 0.843750 0.373437 0.240625
4 0.236719 0.961719 0.082812 0.070312
5 0.251563 0.533594 0.140625 0.170313
5 0.948438 0.694531 0.046875 0.092188
5 0.521875 0.759375 0.081250 0.096875
5 0.445312 0.729688 0.009375 0.015625
5 0.393750 0.802344 0.006250 0.023438
5 0.611719 0.811719 0.007812 0.026562
6 0.416406 0.912500 0.045312 0.006250
