2 0.466406 0.611719 0.107813 0.035937
2 0.850000 0.625000 0.165625 0.050000
2 0.566406 0.621094 0.032813 0.023438
2 0.254688 0.642188 0.009375 0.040625
4 0.105469 0.201563 0.210938 0.403125
4 0.946875 0.359375 0.103125 0.318750
4 0.875000 0.392188 0.015625 0.037500
4 0.159375 0.475000 0.125000 0.093750
4 0.950000 0.588281 0.096875 0.054688
5 0.141406 0.499219 0.051562 0.035937
5 0.267188 0.579688 0.028125 0.012500
7 0.503906 0.608594 0.010937 0.017188
7 0.350781 0.660156 0.032813 0.057813
8 0.764844 0.607031 0.042188 0.010937
