0 0.087500 0.478125 0.018750 0.018750
2 0.464844 0.562500 0.064062 0.034375
2 0.775781 0.568750 0.067187 0.037500
2 0.638281 0.567969 0.039062 0.023438
4 0.817969 0.518750 0.029687 0.075000
4 0.425000 0.546875 0.112500 0.053125
4 0.371875 0.570312 0.015625 0.009375
5 0.378906 0.231250 0.085938 0.312500
5 0.426563 0.361719 0.075000 0.179688
5 0.705469 0.410156 0.023438 0.039062
5 0.390625 0.484375 0.125000 0.162500
5 0.221875 0.494531 0.134375 0.110937
5 0.603125 0.494531 0.003125 0.029687
8 0.806250 0.608594 0.384375 0.060937
