0 0.309375 0.637500 0.068750 0.071875
0 0.773438 0.632812 0.006250 0.025000
2 0.435156 0.674219 0.320312 0.132812
2 0.035937 0.660937 0.071875 0.100000
2 0.687500 0.623437 0.071875 0.025000
3 0.689844 0.664844 0.048438 0.035937
4 0.031250 0.098437 0.062500 0.196875
4 0.891406 0.117188 0.139063 0.200000
4 0.809375 0.372656 0.087500 0.282813
4 0.873437 0.450781 0.034375 0.020313
5 0.948438 0.556250 0.062500 0.040625
5 0.815625 0.555469 0.031250 0.026562
7 0.638281 0.621875 0.045312 0.025000
7 0.337500 0.646094 0.090625 0.045312
