0 0.078125 0.681250 0.156250 0.634375
0 0.370312 0.471875 0.046875 0.181250
0 0.501563 0.455469 0.025000 0.101562
1 0.590625 0.521094 0.103125 0.123438
2 0.407813 0.446094 0.037500 0.060937
4 0.571875 0.442969 0.018750 0.048438
4 0.345313 0.464844 0.012500 0.039062
4 0.160938 0.543750 0.093750 0.131250
5 0.100000 0.176563 0.184375 0.353125
5 0.146875 0.051562 0.093750 0.103125
5 0.667969 0.310156 0.223438 0.620313
5 0.885156 0.370312 0.223438 0.740625
5 0.593750 0.368750 0.040625 0.290625
5 0.445312 0.354687 0.068750 0.087500
5 0.581250 0.352344 0.009375 0.020313
6 0.385156 0.563281 0.045312 0.010937
6 0.307812 0.778125 0.103125 0.050000
7 0.310156 0.492188 0.020313 0.040625
