0 0.203125 0.799219 0.134375 0.070312
0 0.709375 0.799219 0.109375 0.048438
0 0.282813 0.803906 0.012500 0.045312
2 0.059375 0.855469 0.118750 0.285938
2 0.832031 0.817969 0.129688 0.185938
2 0.478906 0.810156 0.110937 0.139063
2 0.350781 0.814844 0.107813 0.098437
2 0.603906 0.806250 0.057813 0.065625
4 0.119531 0.675781 0.239063 0.314063
4 0.827344 0.682813 0.023438 0.075000
4 0.267969 0.785937 0.089063 0.075000
5 0.672656 0.518750 0.020313 0.296875
5 0.249219 0.567969 0.073438 0.079687
5 0.584375 0.576562 0.031250 0.031250
5 0.267969 0.656250 0.026562 0.021875
5 0.560937 0.703125 0.003125 0.059375
5 0.650781 0.721875 0.007812 0.028125
5 0.375000 0.754687 0.009375 0.015625
6 0.144531 0.864062 0.048438 0.003125
