0 0.677344 0.800781 0.026562 0.029687
2 0.490625 0.834375 0.153125 0.162500
2 0.829688 0.839063 0.215625 0.137500
4 0.585938 0.759375 0.121875 0.100000
4 0.210938 0.846094 0.087500 0.098437
4 0.396875 0.819531 0.009375 0.042188
5 0.658594 0.424219 0.035937 0.020313
5 0.886719 0.487500 0.042188 0.021875
5 0.886719 0.609375 0.223438 0.253125
5 0.725781 0.687500 0.114062 0.153125
5 0.605469 0.742969 0.095312 0.073438
5 0.342187 0.777344 0.121875 0.104688
5 0.878906 0.745313 0.010937 0.009375
5 0.566406 0.758594 0.004687 0.023438
7 0.100781 0.852344 0.054688 0.073438
