0 0.853125 0.477344 0.025000 0.114062
0 0.424219 0.471094 0.010937 0.051562
2 0.922656 0.457813 0.101562 0.118750
2 0.722656 0.497656 0.145313 0.170313
2 0.534375 0.475781 0.125000 0.064062
3 0.378125 0.516406 0.053125 0.185938
4 0.725000 0.243750 0.331250 0.487500
4 0.967187 0.199219 0.062500 0.164062
4 0.375781 0.296875 0.042188 0.096875
5 0.435156 0.403125 0.117188 0.165625
5 0.871094 0.362500 0.017188 0.068750
5 0.706250 0.365625 0.018750 0.053125
6 0.737500 0.910937 0.171875 0.156250
8 0.495312 0.589844 0.050000 0.139063
