0 0.066406 0.616406 0.020313 0.045312
0 0.426563 0.642969 0.056250 0.048438
0 0.521875 0.639844 0.009375 0.035937
0 0.708594 0.653125 0.042188 0.043750
0 0.897656 0.668750 0.039062 0.053125
2 0.071875 0.615625 0.056250 0.028125
2 0.368750 0.643750 0.006250 0.018750
2 0.974219 0.692969 0.039062 0.048438
4 0.525781 0.414062 0.095312 0.146875
4 0.991406 0.370312 0.014063 0.009375
5 0.102344 0.339062 0.082812 0.056250
5 0.283594 0.433594 0.026562 0.017188
5 0.877344 0.540625 0.104688 0.040625
5 0.113281 0.567187 0.020313 0.031250
5 0.476562 0.602344 0.165625 0.076563
5 0.383594 0.617969 0.017188 0.051562
5 0.760938 0.633594 0.062500 0.064062
5 0.627344 0.641406 0.029687 0.073438
6 0.593750 0.839063 0.046875 0.021875
7 0.664062 0.663281 0.015625 0.035937
7 0.921875 0.675781 0.009375 0.023438
8 0.029687 0.610938 0.059375 0.018750
