0 0.933594 0.782031 0.120313 0.117188
2 0.457031 0.746875 0.182812 0.084375
2 0.076563 0.750781 0.093750 0.067187
2 0.300000 0.744531 0.112500 0.048438
2 0.653906 0.775000 0.089063 0.078125
4 0.248438 0.645312 0.112500 0.218750
4 0.418750 0.712500 0.150000 0.053125
4 0.328125 0.720313 0.018750 0.040625
5 0.883594 0.576562 0.229687 0.393750
5 0.755469 0.641406 0.148438 0.257812
5 0.228906 0.617188 0.095312 0.165625
5 0.589844 0.631250 0.073438 0.140625
5 0.327344 0.673438 0.035937 0.078125
5 0.521875 0.670312 0.009375 0.059375
7 0.578125 0.756250 0.006250 0.031250
