0 0.103125 0.625000 0.050000 0.059375
2 0.111719 0.782813 0.223438 0.431250
2 0.749219 0.720313 0.239063 0.262500
2 0.954688 0.669531 0.087500 0.120313
2 0.483594 0.685937 0.264062 0.140625
3 0.958594 0.787500 0.079687 0.237500
4 0.675781 0.534375 0.035937 0.096875
4 0.588281 0.586719 0.135937 0.085938
5 0.109375 0.456250 0.021875 0.018750
5 0.225781 0.490625 0.054688 0.050000
5 0.038281 0.503906 0.064062 0.045312
5 0.695312 0.565625 0.053125 0.090625
5 0.160938 0.562500 0.012500 0.009375
8 0.286719 0.748437 0.129688 0.056250
