0 0.245312 0.850000 0.153125 0.275000
0 0.130469 0.916406 0.060937 0.164062
0 0.217969 0.925000 0.042188 0.146875
2 0.420312 0.725000 0.125000 0.103125
2 0.691406 0.969531 0.198437 0.057813
4 0.806250 0.483594 0.368750 0.273438
4 0.521094 0.499219 0.051562 0.051562
4 0.803906 0.575000 0.095312 0.100000
4 0.534375 0.662500 0.087500 0.081250
4 0.413281 0.682813 0.051562 0.034375
5 0.242188 0.368750 0.081250 0.143750
5 0.753125 0.724219 0.490625 0.220312
5 0.191406 0.679688 0.007812 0.028125
5 0.296094 0.745313 0.014063 0.065625
7 0.306250 0.798438 0.012500 0.040625
