0 0.401562 0.201563 0.112500 0.065625
0 0.303906 0.250781 0.076563 0.142187
0 0.773438 0.215625 0.096875 0.050000
0 0.114844 0.285938 0.101562 0.134375
0 0.993750 0.247656 0.009375 0.042188
0 0.018750 0.288281 0.037500 0.117188
0 0.587500 0.267969 0.018750 0.076563
2 0.670312 0.225781 0.234375 0.142187
2 0.476562 0.248438 0.096875 0.081250
2 0.932031 0.358594 0.132812 0.204687
5 0.489063 0.140625 0.037500 0.053125
5 0.265625 0.212500 0.065625 0.159375
5 0.764062 0.159375 0.093750 0.031250
6 0.119531 0.387500 0.051562 0.009375
7 0.359375 0.235156 0.015625 0.035937
7 0.879687 0.274219 0.031250 0.048438
