0 0.392188 0.567969 0.006250 0.029687
0 0.035156 0.606250 0.029687 0.084375
0 0.323437 0.607812 0.028125 0.068750
2 0.666406 0.735938 0.376563 0.446875
2 0.452344 0.564063 0.042188 0.037500
2 0.351562 0.570312 0.040625 0.031250
2 0.216406 0.578906 0.007812 0.020313
2 0.096094 0.598437 0.076563 0.056250
3 0.310156 0.589844 0.017188 0.020313
4 0.675000 0.421094 0.103125 0.198437
4 0.410938 0.581250 0.281250 0.365625
4 0.076563 0.496875 0.153125 0.150000
5 0.673438 0.477344 0.059375 0.020313
5 0.499219 0.490625 0.089063 0.031250
5 0.201563 0.526563 0.053125 0.046875
