0 0.196094 0.626563 0.007812 0.028125
2 0.154688 0.629687 0.034375 0.018750
2 0.509375 0.649219 0.021875 0.017188
2 0.607812 0.657031 0.009375 0.029687
4 0.244531 0.525000 0.104688 0.231250
4 0.542969 0.604688 0.148438 0.096875
4 0.672656 0.617188 0.092188 0.062500
4 0.616406 0.714844 0.039062 0.020313
5 0.113281 0.617188 0.026562 0.043750
5 0.951562 0.626563 0.093750 0.040625
5 0.262500 0.625000 0.065625 0.034375
5 0.857031 0.636719 0.076563 0.014063
6 0.468750 0.714844 0.028125 0.004687
6 0.158594 0.740625 0.045312 0.006250
7 0.217969 0.632031 0.010937 0.020313
7 0.626563 0.664844 0.025000 0.067187
8 0.797656 0.859375 0.401562 0.278125
8 0.901563 0.754687 0.193750 0.046875
