1 0.028125 0.531250 0.056250 0.046875
1 0.883594 0.577344 0.039062 0.070312
2 0.635156 0.550781 0.139063 0.073438
4 0.422656 0.473438 0.076563 0.059375
4 0.594531 0.512500 0.007812 0.028125
4 0.714063 0.550781 0.021875 0.017188
5 0.941406 0.050781 0.114062 0.101562
5 0.221875 0.170313 0.081250 0.153125
5 0.948438 0.152344 0.100000 0.085938
5 0.924219 0.224219 0.039062 0.048438
5 0.771875 0.425000 0.112500 0.181250
5 0.641406 0.390625 0.042188 0.071875
5 0.308594 0.479687 0.089063 0.178125
5 0.716406 0.469531 0.042188 0.095312
5 0.484375 0.468750 0.031250 0.078125
5 0.606250 0.514844 0.006250 0.048438
7 0.974219 0.576562 0.020313 0.046875
