0 0.342969 0.815625 0.007812 0.031250
0 0.456250 0.817969 0.009375 0.029687
0 0.752344 0.827344 0.035937 0.048438
2 0.607812 0.863281 0.325000 0.132812
2 0.233594 0.902344 0.204687 0.192188
2 0.939063 0.872656 0.118750 0.107813
4 0.099219 0.478906 0.010937 0.070312
4 0.974219 0.731250 0.048438 0.190625
4 0.543750 0.711719 0.262500 0.148438
4 0.132812 0.800781 0.103125 0.064062
5 0.122656 0.687500 0.110937 0.109375
5 0.160156 0.763281 0.064062 0.014063
5 0.333594 0.776563 0.060937 0.021875
7 0.068750 0.872656 0.031250 0.089063
7 0.817969 0.858594 0.026562 0.051562
