0 0.985938 0.578125 0.025000 0.181250
0 0.770312 0.664844 0.146875 0.323437
0 0.875000 0.581250 0.031250 0.134375
0 0.285156 0.557031 0.079687 0.054688
0 0.623437 0.556250 0.034375 0.043750
0 0.412500 0.556250 0.009375 0.031250
2 0.169531 0.683594 0.339062 0.301563
2 0.530469 0.556250 0.085938 0.043750
2 0.440625 0.555469 0.025000 0.032813
2 0.852344 0.579688 0.026562 0.056250
3 0.562500 0.564844 0.018750 0.032813
3 0.421094 0.564063 0.007812 0.021875
3 0.721094 0.621094 0.070312 0.120313
4 0.489063 0.532813 0.015625 0.021875
5 0.935156 0.271094 0.126562 0.167187
5 0.910156 0.378125 0.129688 0.196875
5 0.554688 0.496094 0.081250 0.048438
5 0.329688 0.497656 0.143750 0.048438
5 0.635938 0.492969 0.034375 0.029687
5 0.910156 0.519531 0.010937 0.079687
