0 0.909375 0.439844 0.015625 0.042188
0 0.405469 0.520312 0.085938 0.196875
0 0.700781 0.439063 0.051562 0.031250
0 0.478906 0.470313 0.017188 0.059375
2 0.954688 0.455469 0.087500 0.126562
2 0.718750 0.454688 0.200000 0.046875
2 0.568750 0.442969 0.012500 0.014063
4 0.725000 0.239063 0.243750 0.418750
4 0.867188 0.278906 0.031250 0.064062
5 0.960938 0.367969 0.075000 0.035937
6 0.855469 0.500781 0.032813 0.004687
6 0.505469 0.731250 0.085938 0.050000
6 0.714063 0.768750 0.175000 0.109375
7 0.884375 0.450781 0.009375 0.032813
8 0.572656 0.467969 0.020313 0.010937
8 0.949219 0.639844 0.098437 0.073438
8 0.788281 0.622656 0.020313 0.010937
