0 0.836719 0.421875 0.085938 0.046875
0 0.648438 0.435937 0.009375 0.025000
0 0.502344 0.450000 0.064062 0.046875
0 0.422656 0.449219 0.020313 0.042188
1 0.898438 0.438281 0.006250 0.023438
2 0.960938 0.432031 0.075000 0.051562
2 0.742188 0.436719 0.103125 0.039062
2 0.285938 0.447656 0.078125 0.020313
2 0.027344 0.476562 0.054688 0.050000
3 0.885938 0.426563 0.009375 0.018750
4 0.141406 0.362500 0.282813 0.193750
4 0.802344 0.345313 0.123438 0.143750
4 0.539844 0.444531 0.017188 0.014063
6 0.140625 0.558594 0.040625 0.007812
6 0.950000 0.695312 0.096875 0.037500
6 0.102344 0.721094 0.167187 0.045312
7 0.585938 0.447656 0.006250 0.017188
