0 0.804688 0.682813 0.031250 0.037500
1 0.840625 0.689844 0.034375 0.023438
2 0.699219 0.690625 0.123438 0.087500
2 0.604688 0.677344 0.021875 0.029687
4 0.112500 0.484375 0.225000 0.775000
4 0.647656 0.632812 0.098437 0.100000
4 0.566406 0.671094 0.007812 0.026562
4 0.414062 0.708594 0.015625 0.026562
5 0.285156 0.471875 0.039062 0.159375
5 0.495312 0.525000 0.090625 0.168750
5 0.854688 0.571094 0.012500 0.079687
5 0.507031 0.649219 0.035937 0.010937
6 0.577344 0.789844 0.057813 0.007812
7 0.239844 0.765625 0.017188 0.050000
