0 0.154688 0.537500 0.103125 0.053125
0 0.464844 0.647656 0.179688 0.260937
0 0.053906 0.543750 0.023438 0.040625
2 0.065625 0.521094 0.128125 0.057813
2 0.159375 0.531250 0.025000 0.021875
2 0.828125 0.666406 0.250000 0.142187
4 0.068750 0.453906 0.137500 0.229687
4 0.136719 0.473438 0.039062 0.131250
4 0.221094 0.502344 0.067187 0.120313
4 0.360156 0.517969 0.039062 0.114062
5 0.382812 0.407813 0.043750 0.059375
5 0.501563 0.476562 0.006250 0.021875
5 0.331250 0.507812 0.025000 0.028125
5 0.214844 0.534375 0.010937 0.021875
5 0.823438 0.578906 0.109375 0.092188
5 0.918750 0.568750 0.006250 0.015625
6 0.168750 0.817187 0.137500 0.040625
