0 0.969531 0.917188 0.057813 0.112500
0 0.082812 0.910937 0.068750 0.084375
0 0.200781 0.914844 0.057813 0.060937
0 0.766406 0.916406 0.092188 0.064062
0 0.533594 0.920312 0.095312 0.062500
0 0.662500 0.914062 0.034375 0.046875
0 0.332031 0.912500 0.054688 0.031250
0 0.416406 0.911719 0.035937 0.023438
1 0.121875 0.907813 0.009375 0.018750
1 0.635156 0.945312 0.026562 0.068750
2 0.811719 0.892188 0.014063 0.025000
2 0.044531 0.910937 0.089063 0.050000
2 0.332813 0.903906 0.009375 0.017188
2 0.578906 0.912500 0.070312 0.018750
4 0.837500 0.817969 0.321875 0.142187
4 0.868750 0.867969 0.096875 0.051562
4 0.781250 0.873437 0.068750 0.040625
5 0.840625 0.568750 0.025000 0.009375
5 0.407031 0.871875 0.004687 0.021875
