0 0.406250 0.671094 0.006250 0.026562
2 0.617188 0.666406 0.131250 0.132812
2 0.511719 0.667969 0.029687 0.026562
4 0.278906 0.557813 0.148438 0.137500
4 0.442188 0.638281 0.071875 0.079687
4 0.523438 0.626563 0.025000 0.053125
5 0.843750 0.498437 0.053125 0.090625
5 0.025000 0.628906 0.050000 0.101562
5 0.181250 0.602344 0.012500 0.029687
5 0.453125 0.617969 0.062500 0.042188
5 0.118750 0.646094 0.062500 0.085938
6 0.984375 0.780469 0.028125 0.007812
6 0.547656 0.860938 0.039062 0.012500
7 0.219531 0.682031 0.014063 0.026562
