0 0.803906 0.646875 0.010937 0.037500
1 0.647656 0.653906 0.023438 0.026562
1 0.760938 0.661719 0.028125 0.032813
2 0.505469 0.640625 0.114062 0.031250
2 0.901563 0.695312 0.193750 0.090625
4 0.536719 0.529687 0.107813 0.234375
4 0.940625 0.547656 0.115625 0.235937
4 0.814844 0.577344 0.117188 0.151562
4 0.094531 0.789062 0.189062 0.318750
5 0.218750 0.375000 0.037500 0.075000
5 0.233594 0.527344 0.082812 0.073438
5 0.689063 0.614844 0.071875 0.079687
5 0.365625 0.642969 0.084375 0.104688
6 0.764062 0.754687 0.071875 0.018750
6 0.534375 0.840625 0.156250 0.018750
6 0.371875 0.914844 0.043750 0.026562
