0 0.873437 0.399219 0.015625 0.010937
0 0.778906 0.424219 0.045312 0.054688
0 0.988281 0.418750 0.020313 0.037500
0 0.332813 0.436719 0.056250 0.070312
0 0.144531 0.465625 0.026562 0.096875
2 0.570312 0.426563 0.200000 0.068750
2 0.909375 0.460156 0.178125 0.107813
4 0.254688 0.257031 0.365625 0.514062
4 0.338281 0.361719 0.048438 0.089063
5 0.203125 0.226562 0.009375 0.096875
5 0.671875 0.318750 0.165625 0.128125
5 0.780469 0.350781 0.048438 0.042188
5 0.945312 0.378125 0.087500 0.040625
6 0.350000 0.817969 0.081250 0.076563
7 0.720313 0.425000 0.006250 0.018750
7 0.248438 0.442188 0.015625 0.028125
