2 0.346094 0.575000 0.126562 0.112500
2 0.491406 0.589063 0.101562 0.112500
2 0.630469 0.590625 0.123438 0.109375
4 0.912500 0.293750 0.171875 0.184375
4 0.585938 0.423438 0.256250 0.278125
4 0.009375 0.373437 0.018750 0.162500
4 0.698438 0.464844 0.096875 0.201563
5 0.902344 0.429688 0.192188 0.193750
5 0.767969 0.442188 0.114062 0.175000
5 0.675781 0.460938 0.051562 0.053125
5 0.527344 0.482031 0.160938 0.089063
5 0.912500 0.496875 0.143750 0.065625
5 0.276562 0.499219 0.084375 0.026562
8 0.429688 0.557031 0.037500 0.029687
8 0.555469 0.571094 0.042188 0.026562
8 0.794531 0.596875 0.204687 0.028125
