0 0.142969 0.450781 0.014063 0.070312
2 0.215625 0.438281 0.137500 0.095312
2 0.045312 0.465625 0.090625 0.121875
2 0.335156 0.450781 0.076563 0.064062
2 0.494531 0.462500 0.120313 0.081250
2 0.795312 0.500000 0.406250 0.137500
3 0.155469 0.537500 0.120313 0.221875
3 0.435156 0.457813 0.023438 0.040625
3 0.292969 0.580469 0.123438 0.192188
3 0.982031 0.557031 0.032813 0.095312
4 0.386719 0.208594 0.198437 0.417187
4 0.627344 0.231250 0.354687 0.462500
5 0.139063 0.408594 0.250000 0.070312
5 0.300781 0.417969 0.048438 0.067187
5 0.691406 0.420312 0.007812 0.040625
6 0.070312 0.639844 0.068750 0.017188
6 0.015625 0.803125 0.031250 0.028125
7 0.567969 0.450781 0.020313 0.032813
7 0.957812 0.466406 0.081250 0.064062
7 0.743750 0.464844 0.009375 0.039062
