2 0.148438 0.664844 0.078125 0.042188
2 0.632031 0.684375 0.176563 0.034375
2 0.293750 0.688281 0.071875 0.035937
2 0.414062 0.698438 0.093750 0.040625
4 0.046875 0.461719 0.093750 0.535937
4 0.931250 0.445312 0.065625 0.090625
4 0.154688 0.572656 0.143750 0.189062
4 0.365625 0.621875 0.134375 0.131250
4 0.460938 0.600781 0.050000 0.032813
5 0.752344 0.557031 0.045312 0.035937
5 0.252344 0.602344 0.082812 0.123438
5 0.489063 0.636719 0.034375 0.067187
5 0.334375 0.655469 0.018750 0.039062
7 0.707031 0.672656 0.014063 0.020313
7 0.232813 0.688281 0.012500 0.020313
