0 0.933594 0.541406 0.048438 0.092188
0 0.786719 0.555469 0.076563 0.110937
0 0.629687 0.521094 0.018750 0.026562
0 0.347656 0.574219 0.073438 0.110937
1 0.787500 0.586719 0.025000 0.073438
1 0.910156 0.617188 0.082812 0.118750
2 0.485938 0.637500 0.278125 0.281250
2 0.695312 0.570312 0.162500 0.131250
2 0.074219 0.768750 0.148438 0.218750
4 0.658594 0.503125 0.017188 0.034375
5 0.918750 0.269531 0.109375 0.189062
5 0.871094 0.437500 0.032813 0.053125
5 0.618750 0.472656 0.037500 0.039062
5 0.050781 0.505469 0.067187 0.048438
5 0.835938 0.591406 0.012500 0.020313
6 0.178906 0.789062 0.045312 0.018750
