0 0.760156 0.523438 0.023438 0.053125
2 0.961719 0.497656 0.073438 0.032813
2 0.550000 0.550000 0.068750 0.034375
2 0.239063 0.578125 0.071875 0.053125
2 0.039062 0.589063 0.078125 0.037500
3 0.135937 0.589844 0.006250 0.032813
4 0.069531 0.517188 0.139063 0.165625
4 0.515625 0.498437 0.159375 0.128125
4 0.277344 0.550000 0.023438 0.093750
4 0.667969 0.537500 0.095312 0.043750
5 0.203906 0.525000 0.057813 0.018750
7 0.966406 0.510156 0.004687 0.054688
7 0.732031 0.529687 0.020313 0.040625
7 0.089063 0.575781 0.028125 0.104688
7 0.610938 0.534375 0.006250 0.021875
