0 0.803906 0.623437 0.032813 0.084375
0 0.959375 0.664844 0.056250 0.085938
0 0.681250 0.650781 0.012500 0.048438
1 0.773438 0.796875 0.087500 0.159375
2 0.275000 0.687500 0.353125 0.165625
2 0.529687 0.648438 0.128125 0.078125
2 0.795312 0.631250 0.043750 0.034375
4 0.832031 0.470313 0.176563 0.440625
4 0.385156 0.517188 0.298438 0.243750
4 0.742969 0.432812 0.010937 0.040625
4 0.331250 0.605469 0.121875 0.048438
4 0.609375 0.632812 0.012500 0.018750
5 0.485156 0.518750 0.120313 0.115625
5 0.046875 0.503906 0.034375 0.035937
5 0.868750 0.589063 0.093750 0.190625
5 0.744531 0.527344 0.026562 0.045312
5 0.250000 0.550781 0.009375 0.045312
5 0.361719 0.582031 0.020313 0.020313
5 0.643750 0.620313 0.059375 0.034375
