1 0.432812 0.590625 0.025000 0.031250
2 0.073438 0.629687 0.146875 0.309375
2 0.833594 0.553906 0.329688 0.076563
2 0.235937 0.571094 0.065625 0.026562
2 0.586719 0.572656 0.014063 0.029687
4 0.817187 0.339062 0.362500 0.284375
4 0.618750 0.479687 0.121875 0.196875
4 0.613281 0.456250 0.014063 0.015625
4 0.028906 0.468750 0.023438 0.015625
5 0.627344 0.348438 0.057813 0.203125
5 0.969531 0.328906 0.057813 0.107813
5 0.446875 0.389844 0.103125 0.076563
5 0.585938 0.500781 0.165625 0.239063
5 0.392969 0.496875 0.023438 0.028125
5 0.921875 0.500781 0.006250 0.032813
5 0.148438 0.518750 0.096875 0.053125
5 0.629687 0.600781 0.096875 0.060937
