0 0.569531 0.454688 0.076563 0.050000
0 0.985156 0.492969 0.026562 0.126562
0 0.378125 0.457813 0.025000 0.043750
0 0.994531 0.606250 0.007812 0.015625
1 0.800000 0.428125 0.068750 0.040625
2 0.839844 0.453125 0.110937 0.128125
2 0.692187 0.501563 0.181250 0.190625
2 0.302344 0.478125 0.229687 0.100000
2 0.468750 0.453125 0.062500 0.025000
4 0.520312 0.426563 0.040625 0.068750
5 0.200781 0.300000 0.032813 0.071875
5 0.371875 0.416406 0.009375 0.014063
6 0.118750 0.594531 0.062500 0.007812
6 0.947656 0.734375 0.101562 0.025000
7 0.526563 0.456250 0.012500 0.015625
7 0.620313 0.465625 0.015625 0.031250
