2 0.733594 0.619531 0.189062 0.073438
2 0.567187 0.606250 0.096875 0.040625
2 0.941406 0.625781 0.007812 0.023438
3 0.350781 0.693750 0.092188 0.146875
4 0.917188 0.410156 0.162500 0.435937
4 0.014063 0.254688 0.028125 0.115625
4 0.100000 0.561719 0.200000 0.273438
4 0.231250 0.489844 0.075000 0.095312
4 0.717187 0.549219 0.037500 0.095312
4 0.128125 0.542969 0.053125 0.039062
5 0.571094 0.539844 0.060937 0.026562
5 0.242969 0.551562 0.017188 0.012500
5 0.135156 0.564844 0.042188 0.010937
8 0.778125 0.596875 0.103125 0.037500
