0 0.135156 0.509375 0.007812 0.037500
0 0.250781 0.509375 0.004687 0.025000
2 0.299219 0.511719 0.092188 0.026562
2 0.898438 0.556250 0.200000 0.100000
2 0.482812 0.519531 0.015625 0.014063
4 0.353125 0.039062 0.125000 0.078125
4 0.720313 0.210156 0.346875 0.145313
4 0.827344 0.426563 0.195312 0.278125
5 0.697656 0.312500 0.057813 0.062500
5 0.962500 0.498437 0.071875 0.065625
5 0.064062 0.493750 0.059375 0.050000
5 0.331250 0.489063 0.009375 0.025000
5 0.203906 0.502344 0.042188 0.017188
7 0.741406 0.543750 0.017188 0.040625
8 0.322656 0.676562 0.126562 0.043750
