0 0.971875 0.694531 0.053125 0.260937
0 0.243750 0.639062 0.012500 0.040625
0 0.447656 0.640625 0.007812 0.025000
2 0.107031 0.651563 0.214062 0.240625
2 0.645312 0.664844 0.093750 0.101562
2 0.291406 0.639062 0.085938 0.046875
2 0.825781 0.683594 0.107813 0.098437
4 0.892969 0.341406 0.210938 0.567187
4 0.250781 0.409375 0.057813 0.053125
4 0.485938 0.564844 0.231250 0.226562
4 0.278125 0.578125 0.178125 0.125000
4 0.878125 0.592969 0.143750 0.139063
5 0.555469 0.513281 0.160938 0.114062
5 0.956250 0.582812 0.053125 0.053125
5 0.283594 0.607031 0.020313 0.010937
6 0.951562 0.824219 0.084375 0.020313
