2 0.711719 0.524219 0.185938 0.139063
2 0.422656 0.491406 0.067187 0.026562
2 0.342969 0.493750 0.020313 0.021875
4 0.508594 0.383594 0.285938 0.251563
4 0.302344 0.431250 0.123438 0.178125
4 0.852344 0.432812 0.092188 0.093750
5 0.133594 0.210938 0.032813 0.350000
5 0.485156 0.125000 0.007812 0.065625
5 0.405469 0.417187 0.054688 0.075000
5 0.695312 0.421094 0.031250 0.064062
5 0.289062 0.460938 0.071875 0.059375
5 0.219531 0.496094 0.010937 0.017188
6 0.950000 0.600000 0.053125 0.006250
6 0.075781 0.770312 0.151562 0.050000
