0 0.035156 0.553125 0.026562 0.065625
1 0.642188 0.503906 0.071875 0.073438
1 0.453125 0.493750 0.009375 0.034375
2 0.668750 0.471094 0.065625 0.051562
2 0.568750 0.475781 0.062500 0.051562
2 0.411719 0.505469 0.076563 0.089063
2 0.151562 0.612500 0.284375 0.259375
4 0.882031 0.234375 0.232813 0.468750
4 0.701562 0.464062 0.053125 0.043750
4 0.347656 0.481250 0.060937 0.059375
4 0.895312 0.504687 0.021875 0.025000
5 0.450000 0.307812 0.281250 0.090625
5 0.507031 0.406250 0.414062 0.106250
5 0.725781 0.407031 0.007812 0.067187
8 0.842187 0.643750 0.312500 0.259375
8 0.020313 0.657031 0.040625 0.148438
