0 0.952344 0.313281 0.064062 0.076563
0 0.596875 0.380469 0.053125 0.195312
0 0.273438 0.320312 0.018750 0.034375
1 0.879687 0.340625 0.071875 0.065625
1 0.268750 0.345313 0.028125 0.034375
1 0.072656 0.354687 0.010937 0.046875
1 0.594531 0.445312 0.017188 0.109375
2 0.528906 0.331250 0.064062 0.040625
2 0.046094 0.335938 0.023438 0.009375
3 0.871094 0.335156 0.254688 0.123438
4 0.655469 0.146875 0.007812 0.025000
5 0.183594 0.356250 0.117188 0.340625
5 0.650781 0.315625 0.089063 0.046875
5 0.710938 0.328125 0.009375 0.021875
