0 0.655469 0.441406 0.095312 0.182812
0 0.486719 0.462500 0.070312 0.165625
1 0.010156 0.595313 0.020313 0.090625
2 0.065625 0.461719 0.131250 0.060937
2 0.234375 0.457031 0.053125 0.048438
3 0.635156 0.432031 0.010937 0.029687
3 0.199219 0.478125 0.042188 0.053125
4 0.308594 0.214062 0.054688 0.215625
4 0.242188 0.402344 0.184375 0.120313
4 0.626563 0.433594 0.003125 0.032813
5 0.976562 0.128906 0.043750 0.182812
5 0.862500 0.253906 0.231250 0.395313
5 0.089844 0.126562 0.007812 0.125000
5 0.091406 0.223438 0.007812 0.056250
5 0.716406 0.309375 0.023438 0.081250
5 0.336719 0.367969 0.039062 0.092188
5 0.192969 0.412500 0.017188 0.012500
6 0.726562 0.575781 0.090625 0.026562
6 0.088281 0.697656 0.176563 0.076563
