0 0.955469 0.736719 0.048438 0.207813
0 0.705469 0.746875 0.095312 0.075000
0 0.569531 0.732031 0.014063 0.014063
2 0.563281 0.767969 0.264062 0.095312
2 0.402344 0.755469 0.032813 0.039062
4 0.750781 0.324219 0.217188 0.648438
4 0.513281 0.577344 0.201563 0.351562
4 0.260156 0.609375 0.164062 0.156250
4 0.379688 0.681250 0.062500 0.193750
5 0.235937 0.573438 0.031250 0.043750
5 0.611719 0.667188 0.048438 0.090625
5 0.758594 0.746094 0.007812 0.051562
7 0.707031 0.768750 0.035937 0.046875
7 0.340625 0.774219 0.009375 0.023438
