0 0.246875 0.582031 0.115625 0.142187
0 0.902344 0.571094 0.017188 0.067187
0 0.991406 0.577344 0.014063 0.079687
0 0.690625 0.572656 0.084375 0.057813
0 0.782813 0.568750 0.062500 0.050000
0 0.467187 0.572656 0.009375 0.048438
0 0.099219 0.575000 0.148438 0.050000
1 0.671094 0.592187 0.045312 0.043750
2 0.331250 0.567187 0.078125 0.068750
2 0.556250 0.569531 0.212500 0.057813
2 0.207031 0.579688 0.060937 0.046875
4 0.551562 0.483594 0.350000 0.173437
4 0.066406 0.528906 0.132812 0.101562
4 0.136719 0.674219 0.273438 0.229687
5 0.711719 0.544531 0.051562 0.095312
6 0.685156 0.651563 0.039062 0.012500
6 0.550781 0.857812 0.126562 0.028125
7 0.175000 0.578125 0.009375 0.021875
