0 0.752344 0.213281 0.010937 0.032813
0 0.866406 0.220312 0.004687 0.034375
0 0.575000 0.344531 0.106250 0.264062
0 0.996094 0.246875 0.004687 0.040625
0 0.487500 0.261719 0.009375 0.039062
0 0.425781 0.559375 0.139063 0.381250
2 0.912500 0.212500 0.031250 0.009375
2 0.475781 0.257812 0.095312 0.034375
2 0.889844 0.349219 0.142187 0.135937
4 0.657813 0.176563 0.068750 0.075000
5 0.092188 0.172656 0.184375 0.345313
5 0.414062 0.196875 0.040625 0.125000
5 0.717187 0.176563 0.009375 0.028125
5 0.210938 0.821094 0.165625 0.354687
7 0.774219 0.222656 0.007812 0.017188
7 0.525781 0.670312 0.085938 0.218750
