0 0.385937 0.585938 0.006250 0.056250
2 0.328125 0.622656 0.109375 0.117188
2 0.466406 0.612500 0.114062 0.084375
4 0.210938 0.434375 0.421875 0.321875
4 0.575781 0.502344 0.232813 0.360938
4 0.432031 0.512500 0.135937 0.181250
4 0.982031 0.580469 0.023438 0.017188
4 0.912500 0.752344 0.171875 0.126562
5 0.642969 0.228125 0.220312 0.187500
5 0.558594 0.477344 0.060937 0.139063
5 0.682813 0.482812 0.068750 0.134375
5 0.987500 0.546094 0.021875 0.032813
5 0.400781 0.540625 0.039062 0.009375
8 0.763281 0.688281 0.470313 0.210938
8 0.414062 0.596875 0.009375 0.015625
8 0.154688 0.692969 0.309375 0.204687
