0 0.110156 0.648438 0.120313 0.459375
0 0.010937 0.557031 0.021875 0.085938
0 0.504687 0.589844 0.090625 0.126562
0 0.560937 0.616406 0.015625 0.073438
0 0.834375 0.634375 0.128125 0.075000
0 0.742188 0.638281 0.006250 0.032813
1 0.217969 0.595313 0.039062 0.037500
2 0.439844 0.607812 0.029687 0.059375
2 0.710938 0.636719 0.018750 0.070312
2 0.923438 0.754687 0.150000 0.296875
3 0.728125 0.670312 0.012500 0.043750
4 0.827344 0.582812 0.129688 0.137500
5 0.164844 0.407813 0.110937 0.062500
5 0.967187 0.535937 0.062500 0.071875
5 0.488281 0.549219 0.107813 0.082812
5 0.726562 0.589063 0.050000 0.018750
6 0.267969 0.856250 0.098437 0.034375
6 0.606250 0.985156 0.121875 0.026562
