0 0.157812 0.681250 0.028125 0.021875
0 0.295312 0.695312 0.009375 0.034375
0 0.794531 0.729688 0.057813 0.078125
1 0.030469 0.710156 0.026562 0.054688
1 0.850781 0.765625 0.076563 0.087500
2 0.328125 0.705469 0.068750 0.073438
2 0.464844 0.732031 0.164062 0.120313
3 0.069531 0.700781 0.042188 0.057813
4 0.071875 0.658594 0.143750 0.120313
4 0.404687 0.620313 0.034375 0.018750
4 0.155469 0.651563 0.042188 0.062500
4 0.989844 0.716406 0.017188 0.070312
5 0.246875 0.644531 0.015625 0.014063
5 0.593750 0.681250 0.065625 0.087500
5 0.553906 0.705469 0.014063 0.039062
5 0.723437 0.746875 0.053125 0.103125
