0 0.823438 0.756250 0.106250 0.071875
0 0.028125 0.792969 0.056250 0.095312
0 0.182031 0.790625 0.079687 0.090625
1 0.860156 0.841406 0.098437 0.145313
1 0.950781 0.864844 0.092188 0.107813
2 0.522656 0.817969 0.126562 0.157812
2 0.709375 0.822656 0.221875 0.157812
2 0.396094 0.795312 0.117188 0.096875
4 0.046875 0.732812 0.031250 0.059375
4 0.440625 0.720313 0.003125 0.031250
5 0.262500 0.672656 0.068750 0.042188
5 0.400781 0.711719 0.035937 0.010937
5 0.673438 0.752344 0.009375 0.026562
6 0.491406 0.932031 0.157812 0.007812
