0 0.639844 0.560937 0.057813 0.162500
0 0.547656 0.599219 0.035937 0.170313
0 0.796875 0.585938 0.018750 0.059375
1 0.577344 0.641406 0.035937 0.167187
2 0.915625 0.587500 0.053125 0.062500
2 0.638281 0.588281 0.017188 0.042188
2 0.503125 0.598437 0.056250 0.034375
2 0.270313 0.628125 0.034375 0.034375
4 0.152344 0.229687 0.304688 0.459375
4 0.860938 0.124219 0.134375 0.248438
4 0.669531 0.570312 0.017188 0.062500
4 0.470313 0.608594 0.031250 0.020313
5 0.750781 0.562500 0.045312 0.028125
6 0.607031 0.745313 0.135937 0.100000
6 0.889844 0.970313 0.104688 0.056250
