0 0.988281 0.750781 0.020313 0.089063
0 0.060156 0.813281 0.120313 0.167187
0 0.177344 0.826562 0.098437 0.187500
0 0.771094 0.784375 0.107813 0.078125
0 0.698438 0.771094 0.009375 0.026562
1 0.418750 0.810937 0.018750 0.062500
1 0.918750 0.817969 0.050000 0.076563
2 0.321094 0.792188 0.176563 0.162500
2 0.568750 0.797656 0.287500 0.085938
4 0.595313 0.750781 0.081250 0.039062
5 0.925781 0.514062 0.098437 0.153125
5 0.935156 0.607812 0.126562 0.128125
5 0.861719 0.672656 0.198437 0.242188
5 0.204687 0.706250 0.087500 0.193750
5 0.115625 0.739844 0.115625 0.182812
5 0.019531 0.709375 0.039062 0.096875
5 0.335938 0.702344 0.053125 0.048438
5 0.685156 0.718750 0.101562 0.050000
5 0.179688 0.751563 0.012500 0.021875
5 0.594531 0.751563 0.007812 0.015625
