0 0.155469 0.760156 0.042188 0.067187
0 0.298438 0.761719 0.034375 0.035937
0 0.584375 0.757812 0.012500 0.025000
1 0.317969 0.769531 0.010937 0.023438
2 0.975781 0.742188 0.045312 0.050000
2 0.019531 0.757812 0.039062 0.056250
2 0.155469 0.739062 0.014063 0.015625
2 0.353125 0.768750 0.065625 0.031250
2 0.429688 0.761719 0.015625 0.010937
4 0.338281 0.642188 0.342187 0.278125
4 0.610156 0.697656 0.123438 0.148438
5 0.763281 0.640625 0.126562 0.078125
5 0.038281 0.703906 0.076563 0.039062
5 0.134375 0.704688 0.103125 0.034375
6 0.450781 0.846875 0.035937 0.006250
6 0.864062 0.853125 0.056250 0.009375
7 0.062500 0.764062 0.034375 0.040625
