0 0.425000 0.636719 0.131250 0.392188
0 0.298438 0.634375 0.096875 0.365625
0 0.493750 0.490625 0.034375 0.075000
0 0.751563 0.645312 0.156250 0.250000
0 0.763281 0.861719 0.079687 0.270313
1 0.431250 0.489844 0.015625 0.029687
4 0.879687 0.721094 0.087500 0.089063
5 0.116406 0.182812 0.232813 0.362500
5 0.409375 0.268750 0.131250 0.403125
5 0.350781 0.230469 0.004687 0.057813
5 0.644531 0.302344 0.076563 0.085938
5 0.540625 0.453906 0.028125 0.210938
5 0.061719 0.791406 0.123438 0.267188
6 0.539062 0.591406 0.043750 0.014063
6 0.351562 0.735938 0.050000 0.018750
