2 0.612500 0.742188 0.409375 0.225000
2 0.128906 0.710938 0.257812 0.159375
2 0.332813 0.701562 0.140625 0.128125
2 0.911719 0.760938 0.173437 0.190625
4 0.085156 0.664844 0.139063 0.148438
4 0.457031 0.652344 0.067187 0.035937
4 0.820312 0.736719 0.018750 0.020313
5 0.945312 0.282813 0.103125 0.125000
5 0.646875 0.453125 0.215625 0.334375
5 0.225781 0.381250 0.010937 0.015625
5 0.061719 0.455469 0.098437 0.082812
5 0.467187 0.504687 0.128125 0.140625
5 0.739062 0.524219 0.278125 0.179688
5 0.267188 0.518750 0.031250 0.034375
5 0.097656 0.557813 0.145313 0.103125
5 0.962500 0.572656 0.071875 0.085938
5 0.410938 0.615625 0.150000 0.084375
5 0.615625 0.603906 0.046875 0.051562
5 0.514062 0.617188 0.037500 0.050000
5 0.789844 0.672656 0.089063 0.110937
5 0.939063 0.635156 0.018750 0.010937
8 0.537500 0.848437 0.293750 0.296875
8 0.143750 0.861719 0.287500 0.273438
