0 0.670312 0.669531 0.100000 0.154688
2 0.062500 0.642969 0.125000 0.451562
2 0.739062 0.664844 0.128125 0.098437
2 0.464062 0.662500 0.200000 0.084375
2 0.883594 0.809375 0.229687 0.378125
3 0.147656 0.652344 0.060937 0.051562
3 0.875000 0.668750 0.015625 0.021875
4 0.799219 0.400000 0.398438 0.490625
5 0.326562 0.507812 0.028125 0.037500
5 0.542188 0.578125 0.021875 0.012500
5 0.992188 0.599219 0.012500 0.039062
5 0.411719 0.614062 0.017188 0.012500
5 0.837500 0.634375 0.028125 0.028125
7 0.247656 0.639844 0.035937 0.057813
7 0.809375 0.671875 0.025000 0.053125
