2 0.890625 0.319531 0.215625 0.126562
2 0.415625 0.312500 0.203125 0.081250
2 0.648438 0.339062 0.253125 0.134375
2 0.100000 0.322656 0.200000 0.073438
2 0.285156 0.321875 0.045312 0.071875
4 0.052344 0.071875 0.104688 0.143750
4 0.390625 0.086719 0.284375 0.120313
4 0.996094 0.271875 0.004687 0.031250
4 0.249219 0.378906 0.170313 0.045312
4 0.092188 0.378906 0.140625 0.042188
5 0.212500 0.032813 0.034375 0.065625
5 0.919531 0.196094 0.126562 0.101562
5 0.339844 0.172656 0.173437 0.035937
5 0.735938 0.169531 0.050000 0.023438
5 0.183594 0.198437 0.017188 0.046875
8 0.850781 0.315625 0.020313 0.009375
8 0.703906 0.323437 0.023438 0.006250
8 0.431250 0.362500 0.231250 0.056250
8 0.056250 0.371094 0.112500 0.045312
8 0.226562 0.378125 0.143750 0.043750
