0 0.028125 0.504687 0.006250 0.031250
2 0.110937 0.565625 0.221875 0.159375
2 0.317969 0.539062 0.167187 0.078125
2 0.466406 0.537500 0.085938 0.059375
2 0.647656 0.583594 0.264062 0.151562
2 0.901563 0.564063 0.193750 0.071875
4 0.568750 0.436719 0.062500 0.029687
4 0.992969 0.464062 0.010937 0.025000
4 0.585938 0.575000 0.059375 0.062500
5 0.367969 0.514062 0.110937 0.096875
5 0.688281 0.519531 0.020313 0.010937
5 0.332031 0.600781 0.010937 0.039062
6 0.567969 0.629687 0.023438 0.006250
6 0.948438 0.802344 0.046875 0.026562
6 0.650000 0.835156 0.065625 0.035937
7 0.532031 0.606250 0.048438 0.100000
