0 0.446094 0.489844 0.014063 0.054688
1 0.499219 0.489844 0.007812 0.020313
1 0.137500 0.523438 0.090625 0.071875
1 0.361719 0.518750 0.073438 0.053125
1 0.009375 0.534375 0.018750 0.053125
2 0.850781 0.542188 0.295312 0.321875
2 0.578125 0.480469 0.112500 0.032813
4 0.942187 0.363281 0.096875 0.073438
4 0.637500 0.439063 0.040625 0.087500
5 0.691406 0.421875 0.045312 0.134375
5 0.075000 0.399219 0.025000 0.042188
5 0.378125 0.410156 0.053125 0.029687
6 0.217188 0.625781 0.115625 0.023438
7 0.475000 0.492969 0.028125 0.026562
