0 0.351562 0.684375 0.046875 0.090625
0 0.572656 0.707031 0.017188 0.023438
2 0.807813 0.802344 0.381250 0.392188
2 0.471875 0.726562 0.143750 0.143750
2 0.375781 0.710156 0.017188 0.026562
3 0.070312 0.777344 0.140625 0.442188
3 0.352344 0.702344 0.023438 0.054688
4 0.435156 0.377344 0.201563 0.714063
4 0.339062 0.325781 0.006250 0.104688
5 0.285156 0.381250 0.117188 0.265625
5 0.789844 0.441406 0.210938 0.251563
5 0.612500 0.588281 0.137500 0.082812
5 0.819531 0.598437 0.004687 0.037500
5 0.604688 0.704688 0.084375 0.100000
5 0.390625 0.704688 0.021875 0.087500
7 0.411719 0.693750 0.014063 0.050000
