0 0.390625 0.525000 0.075000 0.065625
0 0.303906 0.541406 0.017188 0.045312
0 0.805469 0.562500 0.029687 0.050000
2 0.446875 0.490625 0.084375 0.037500
2 0.837500 0.606250 0.256250 0.137500
2 0.530469 0.597656 0.073438 0.079687
2 0.369531 0.615625 0.076563 0.109375
2 0.301563 0.813281 0.184375 0.223438
4 0.675000 0.437500 0.118750 0.171875
4 0.823438 0.446875 0.128125 0.165625
4 0.449219 0.446875 0.148438 0.093750
5 0.903125 0.460938 0.040625 0.025000
5 0.331250 0.508594 0.068750 0.101562
6 0.235937 0.684375 0.034375 0.006250
