0 0.426563 0.678125 0.068750 0.253125
0 0.674219 0.615625 0.079687 0.037500
1 0.239844 0.679688 0.117188 0.140625
1 0.806250 0.617188 0.009375 0.015625
2 0.542969 0.600000 0.189062 0.078125
2 0.925000 0.636719 0.146875 0.110937
2 0.284375 0.602344 0.012500 0.014063
4 0.852344 0.563281 0.117188 0.101562
4 0.277344 0.553906 0.101562 0.057813
5 0.084375 0.192969 0.168750 0.245312
5 0.833594 0.321875 0.064062 0.112500
5 0.696875 0.469531 0.071875 0.104688
5 0.453906 0.465625 0.085938 0.059375
5 0.561719 0.544531 0.160938 0.123438
5 0.652344 0.541406 0.042188 0.014063
5 0.281250 0.615625 0.118750 0.146875
5 0.777344 0.596875 0.054688 0.040625
5 0.916406 0.596094 0.023438 0.032813
