0 0.750000 0.339062 0.078125 0.178125
0 0.492969 0.279687 0.126562 0.046875
1 0.465625 0.332031 0.090625 0.104688
1 0.817969 0.370312 0.045312 0.115625
1 0.574219 0.416406 0.039062 0.120313
2 0.541406 0.262500 0.026562 0.031250
2 0.325781 0.321094 0.010937 0.048438
3 0.835938 0.351562 0.100000 0.084375
4 0.365625 0.290625 0.034375 0.037500
5 0.500000 0.185156 0.071875 0.120313
5 0.614062 0.142187 0.031250 0.012500
5 0.548438 0.250781 0.018750 0.023438
5 0.333594 0.268750 0.007812 0.040625
5 0.749219 0.271875 0.020313 0.012500
