0 0.305469 0.460156 0.092188 0.042188
0 0.589063 0.467969 0.034375 0.048438
0 0.198437 0.467187 0.031250 0.034375
0 0.096875 0.529687 0.025000 0.056250
0 0.853906 0.597656 0.035937 0.114062
1 0.343750 0.453125 0.043750 0.021875
2 0.605469 0.449219 0.020313 0.023438
2 0.277344 0.542969 0.135937 0.198437
2 0.457031 0.490625 0.129688 0.090625
2 0.456250 0.622656 0.106250 0.132812
2 0.094531 0.918750 0.189062 0.159375
4 0.387500 0.310156 0.478125 0.279687
4 0.417187 0.425781 0.071875 0.048438
5 0.579688 0.377344 0.015625 0.054688
5 0.180469 0.565625 0.026562 0.056250
5 0.057813 0.570312 0.034375 0.062500
5 0.881250 0.584375 0.025000 0.050000
5 0.054688 0.720313 0.040625 0.078125
6 0.836719 0.670312 0.039062 0.025000
6 0.596094 0.685156 0.064062 0.023438
7 0.202344 0.569531 0.017188 0.064062
7 0.938281 0.713281 0.045312 0.135937
