0 0.621875 0.821094 0.181250 0.354687
0 0.732812 0.793750 0.046875 0.246875
1 0.056250 0.641406 0.012500 0.032813
2 0.112500 0.650000 0.078125 0.053125
2 0.967969 0.677344 0.051562 0.101562
2 0.321875 0.655469 0.034375 0.029687
2 0.859375 0.724219 0.162500 0.154688
2 0.473438 0.680469 0.040625 0.054688
4 0.532813 0.500781 0.143750 0.301563
4 0.150000 0.528906 0.156250 0.260937
5 0.978125 0.206250 0.040625 0.306250
5 0.064062 0.575781 0.093750 0.098437
5 0.640625 0.602344 0.093750 0.139063
5 0.189844 0.592187 0.076563 0.062500
5 0.755469 0.617188 0.051562 0.106250
5 0.322656 0.621094 0.007812 0.032813
5 0.529687 0.650000 0.009375 0.021875
6 0.210938 0.853125 0.050000 0.084375
7 0.492969 0.710938 0.007812 0.037500
