1 0.237500 0.765625 0.018750 0.040625
2 0.335156 0.789062 0.201563 0.228125
2 0.656250 0.789844 0.128125 0.039062
2 0.942187 0.835938 0.112500 0.115625
4 0.146094 0.726562 0.110937 0.106250
4 0.442188 0.771875 0.031250 0.040625
5 0.960938 0.433594 0.075000 0.239063
5 0.439063 0.495312 0.071875 0.068750
5 0.964844 0.680469 0.067187 0.245312
5 0.807813 0.725781 0.140625 0.220312
5 0.369531 0.703906 0.342187 0.164062
5 0.567187 0.701562 0.059375 0.100000
5 0.664844 0.710156 0.073438 0.051562
5 0.210156 0.739844 0.032813 0.082812
