0 0.105469 0.646094 0.007812 0.026562
2 0.643750 0.501563 0.046875 0.009375
2 0.931250 0.651563 0.134375 0.125000
2 0.798438 0.639062 0.125000 0.096875
2 0.388281 0.642969 0.060937 0.082812
2 0.478906 0.610156 0.014063 0.010937
2 0.049219 0.702344 0.098437 0.176563
2 0.146875 0.649219 0.050000 0.054688
4 0.860938 0.504687 0.121875 0.212500
4 0.528906 0.587500 0.032813 0.031250
4 0.083594 0.660156 0.017188 0.023438
5 0.923438 0.440625 0.150000 0.100000
5 0.451562 0.575781 0.075000 0.042188
5 0.225000 0.600781 0.256250 0.060937
5 0.402344 0.588281 0.017188 0.017188
5 0.046094 0.599219 0.089063 0.023438
6 0.867969 0.857031 0.114062 0.029687
