2 0.750781 0.565625 0.342187 0.125000
2 0.557813 0.532031 0.028125 0.035937
4 0.896094 0.474219 0.204687 0.226562
4 0.626563 0.464062 0.256250 0.140625
4 0.803906 0.471094 0.017188 0.020313
5 0.789062 0.479687 0.006250 0.031250
6 0.458594 0.635938 0.029687 0.009375
6 0.403125 0.851562 0.081250 0.040625
8 0.464844 0.526563 0.032813 0.015625
8 0.685937 0.547656 0.106250 0.039062
8 0.264062 0.592187 0.156250 0.125000
8 0.222656 0.766406 0.445312 0.464062
8 0.772656 0.571875 0.054688 0.034375
8 0.959375 0.606250 0.078125 0.040625
8 0.175781 0.675781 0.089063 0.067187
8 0.060156 0.739844 0.120313 0.092188
