2 0.965625 0.593750 0.065625 0.143750
2 0.350000 0.567187 0.028125 0.075000
2 0.712500 0.569531 0.084375 0.042188
3 0.079687 0.560156 0.159375 0.129688
3 0.207813 0.588281 0.115625 0.095312
3 0.520312 0.584375 0.053125 0.059375
3 0.836719 0.600781 0.014063 0.051562
4 0.095312 0.364844 0.190625 0.598437
4 0.465625 0.406250 0.393750 0.353125
4 0.278125 0.521094 0.037500 0.089063
5 0.210938 0.332031 0.200000 0.245312
5 0.158594 0.340625 0.110937 0.059375
5 0.372656 0.496875 0.017188 0.037500
5 0.296875 0.565625 0.081250 0.150000
5 0.481250 0.517188 0.012500 0.015625
5 0.884375 0.541406 0.012500 0.017188
