0 0.075000 0.519531 0.146875 0.070312
0 0.167187 0.520312 0.015625 0.053125
0 0.690625 0.746094 0.431250 0.504687
0 0.961719 0.825000 0.073438 0.343750
1 0.324219 0.661719 0.007812 0.045312
1 0.435156 0.692969 0.010937 0.073438
2 0.237500 0.515625 0.043750 0.034375
2 0.131250 0.692187 0.262500 0.287500
4 0.168750 0.497656 0.118750 0.032813
4 0.284375 0.496094 0.028125 0.017188
5 0.995313 0.144531 0.006250 0.045312
5 0.892188 0.189062 0.100000 0.109375
5 0.738281 0.332031 0.095312 0.060937
5 0.407813 0.395313 0.093750 0.153125
5 0.215625 0.460938 0.140625 0.037500
7 0.203906 0.517188 0.010937 0.025000
7 0.439844 0.650000 0.023438 0.056250
