0 0.010937 0.539844 0.021875 0.020313
0 0.910156 0.590625 0.014063 0.096875
2 0.589844 0.584375 0.329688 0.118750
2 0.263281 0.571094 0.257812 0.060937
2 0.060937 0.586719 0.121875 0.085938
2 0.807813 0.607812 0.093750 0.084375
3 0.950781 0.625781 0.095312 0.139063
4 0.612500 0.522656 0.037500 0.123438
5 0.989844 0.398438 0.017188 0.096875
5 0.955469 0.477344 0.085938 0.048438
5 0.853906 0.494531 0.054688 0.035937
5 0.471875 0.552344 0.009375 0.017188
7 0.142187 0.579688 0.056250 0.068750
7 0.650781 0.600000 0.032813 0.056250
