0 0.969531 0.568750 0.048438 0.050000
0 0.775000 0.574219 0.062500 0.057813
0 0.851562 0.554688 0.015625 0.018750
0 0.522656 0.567969 0.107813 0.035937
0 0.387500 0.567969 0.009375 0.029687
0 0.008594 0.593750 0.017188 0.068750
2 0.659375 0.571094 0.171875 0.051562
2 0.907813 0.558594 0.025000 0.017188
2 0.761719 0.567187 0.010937 0.025000
2 0.332813 0.571875 0.009375 0.021875
2 0.072656 0.571094 0.135937 0.010937
3 0.354687 0.575781 0.015625 0.023438
4 0.413281 0.441406 0.007812 0.032813
4 0.671094 0.518750 0.042188 0.071875
5 0.368750 0.358594 0.087500 0.054688
5 0.493750 0.356250 0.012500 0.009375
5 0.391406 0.521875 0.114062 0.106250
5 0.902344 0.514062 0.007812 0.025000
5 0.261719 0.560156 0.029687 0.023438
5 0.157812 0.564063 0.015625 0.015625
7 0.240625 0.592187 0.009375 0.031250
