0 0.985938 0.608594 0.018750 0.054688
0 0.785937 0.632031 0.071875 0.042188
2 0.564844 0.614844 0.017188 0.014063
2 0.717969 0.627344 0.104688 0.035937
2 0.864062 0.640625 0.028125 0.046875
4 0.810937 0.533594 0.100000 0.257812
4 0.633594 0.557031 0.214062 0.198437
4 0.920312 0.600781 0.053125 0.160938
5 0.302344 0.118750 0.229687 0.225000
5 0.438281 0.167187 0.042188 0.303125
5 0.503125 0.508594 0.028125 0.089063
5 0.731250 0.576562 0.046875 0.056250
5 0.828906 0.612500 0.020313 0.025000
6 0.394531 0.707812 0.023438 0.006250
6 0.750781 0.723437 0.142187 0.012500
6 0.568750 0.742188 0.140625 0.009375
6 0.717969 0.798438 0.070312 0.021875
