2 0.064062 0.816406 0.128125 0.301563
2 0.983594 0.803125 0.029687 0.134375
2 0.253125 0.749219 0.040625 0.010937
2 0.546875 0.791406 0.121875 0.085938
2 0.430469 0.792969 0.064062 0.060937
4 0.102344 0.710156 0.010937 0.017188
4 0.836719 0.863281 0.323437 0.239063
5 0.414062 0.676562 0.056250 0.156250
5 0.764062 0.689844 0.056250 0.023438
5 0.348438 0.733594 0.081250 0.042188
5 0.650781 0.743750 0.017188 0.034375
5 0.840625 0.767969 0.018750 0.020313
8 0.246875 0.804688 0.325000 0.068750
8 0.471094 0.781250 0.032813 0.018750
8 0.684375 0.817187 0.115625 0.071875
