0 0.989844 0.665625 0.017188 0.065625
0 0.888281 0.666406 0.051562 0.039062
0 0.665625 0.671094 0.015625 0.029687
0 0.488281 0.676562 0.089063 0.037500
0 0.378906 0.685156 0.017188 0.045312
0 0.148438 0.697656 0.093750 0.054688
0 0.021094 0.681250 0.010937 0.015625
2 0.734375 0.676562 0.284375 0.053125
2 0.341406 0.681250 0.123438 0.056250
2 0.577344 0.676562 0.020313 0.028125
2 0.208594 0.691406 0.014063 0.020313
3 0.276562 0.691406 0.009375 0.023438
4 0.925000 0.125000 0.146875 0.221875
4 0.988281 0.558594 0.020313 0.048438
4 0.086719 0.662500 0.042188 0.050000
5 0.950000 0.648438 0.040625 0.059375
5 0.151562 0.642188 0.031250 0.037500
5 0.673438 0.652344 0.028125 0.032813
5 0.531250 0.667969 0.018750 0.042188
