0 0.230469 0.617188 0.070312 0.090625
0 0.347656 0.615625 0.060937 0.081250
0 0.475781 0.612500 0.010937 0.075000
0 0.618750 0.621094 0.021875 0.076563
0 0.909375 0.632812 0.084375 0.093750
0 0.722656 0.621094 0.032813 0.048438
1 0.688281 0.637500 0.007812 0.037500
4 0.536719 0.519531 0.032813 0.067187
5 0.882031 0.418750 0.004687 0.021875
5 0.451562 0.510156 0.031250 0.129688
5 0.634375 0.541406 0.006250 0.060937
5 0.416406 0.609375 0.051562 0.081250
5 0.340625 0.582812 0.006250 0.021875
5 0.923438 0.669531 0.046875 0.079687
6 0.342187 0.721094 0.134375 0.035937
7 0.656250 0.628906 0.012500 0.032813
7 0.989062 0.703906 0.018750 0.120313
