0 0.932031 0.665625 0.042188 0.150000
0 0.133594 0.642969 0.070312 0.092188
0 0.231250 0.649219 0.106250 0.098437
0 0.834375 0.665625 0.046875 0.125000
0 0.726562 0.656250 0.012500 0.087500
0 0.644531 0.640625 0.032813 0.053125
0 0.386719 0.644531 0.076563 0.054688
2 0.414844 0.642188 0.067187 0.053125
2 0.752344 0.655469 0.142187 0.064062
3 0.783594 0.692187 0.051562 0.106250
4 0.646875 0.469531 0.356250 0.257812
5 0.931250 0.327344 0.078125 0.104688
5 0.095312 0.442188 0.190625 0.184375
5 0.807031 0.466406 0.048438 0.042188
5 0.403125 0.531250 0.040625 0.034375
7 0.746094 0.674219 0.020313 0.073438
