0 0.879687 0.557031 0.059375 0.235937
0 0.773438 0.562500 0.084375 0.237500
0 0.041406 0.550781 0.079687 0.098437
0 0.116406 0.536719 0.010937 0.070312
0 0.245312 0.528906 0.009375 0.026562
2 0.579688 0.594531 0.315625 0.585938
2 0.836719 0.555469 0.073438 0.148438
2 0.945312 0.556250 0.106250 0.146875
2 0.345313 0.540625 0.143750 0.093750
4 0.265625 0.434375 0.190625 0.231250
5 0.664062 0.168750 0.071875 0.078125
5 0.564844 0.235156 0.085938 0.139063
5 0.939063 0.436719 0.118750 0.214062
5 0.400781 0.430469 0.073438 0.073438
5 0.837500 0.457031 0.256250 0.123438
5 0.175000 0.494531 0.084375 0.089063
5 0.249219 0.485938 0.010937 0.028125
6 0.117969 0.660156 0.045312 0.007812
7 0.169531 0.539844 0.048438 0.076563
