0 0.599219 0.553906 0.095312 0.145313
0 0.728906 0.581250 0.048438 0.196875
0 0.464844 0.520312 0.020313 0.068750
2 0.145313 0.703125 0.290625 0.465625
2 0.593750 0.509375 0.053125 0.062500
2 0.406250 0.519531 0.103125 0.051562
4 0.453906 0.425000 0.089063 0.153125
4 0.385156 0.465625 0.020313 0.053125
5 0.415625 0.172656 0.412500 0.267188
5 0.934375 0.192969 0.128125 0.164062
5 0.519531 0.350781 0.007812 0.067187
5 0.843750 0.365625 0.031250 0.037500
5 0.661719 0.416406 0.089063 0.035937
6 0.392188 0.630469 0.025000 0.007812
