0 0.114844 0.570312 0.014063 0.050000
0 0.956250 0.657031 0.084375 0.201563
0 0.570312 0.596875 0.075000 0.046875
2 0.278906 0.639844 0.301563 0.326562
2 0.099219 0.564063 0.042188 0.037500
2 0.517188 0.696094 0.171875 0.285938
2 0.909375 0.598437 0.121875 0.071875
2 0.728125 0.605469 0.212500 0.073438
2 0.562500 0.587500 0.028125 0.021875
2 0.050000 0.803906 0.100000 0.295312
4 0.131250 0.275781 0.262500 0.551562
4 0.642969 0.436719 0.107813 0.398438
4 0.313281 0.482031 0.092188 0.160938
5 0.960156 0.175000 0.076563 0.350000
5 0.623437 0.421875 0.018750 0.068750
5 0.103906 0.457031 0.032813 0.089063
7 0.637500 0.611719 0.018750 0.045312
8 0.541406 0.578125 0.007812 0.028125
