0 0.746875 0.578125 0.056250 0.206250
0 0.628906 0.506250 0.082812 0.059375
0 0.871094 0.543750 0.023438 0.128125
0 0.302344 0.506250 0.014063 0.034375
1 0.403125 0.601562 0.103125 0.196875
1 0.857812 0.554688 0.025000 0.100000
1 0.587500 0.594531 0.087500 0.082812
1 0.389062 0.712500 0.037500 0.159375
1 0.285156 0.799219 0.160938 0.317188
1 0.131250 0.846875 0.165625 0.303125
1 0.242969 0.836719 0.035937 0.089063
1 0.006250 0.975781 0.012500 0.045312
4 0.483594 0.436719 0.085938 0.095312
4 0.095312 0.482031 0.037500 0.051562
4 0.635156 0.483594 0.035937 0.032813
5 0.089844 0.413281 0.032813 0.048438
5 0.215625 0.417969 0.021875 0.029687
5 0.375000 0.475781 0.028125 0.073438
5 0.607031 0.491406 0.007812 0.017188
