0 0.167187 0.463281 0.100000 0.114062
0 0.935156 0.464844 0.039062 0.079687
0 0.233594 0.485156 0.023438 0.114062
0 0.585938 0.450000 0.009375 0.037500
2 0.194531 0.455469 0.117188 0.073438
2 0.835156 0.551562 0.298438 0.234375
2 0.374219 0.489844 0.098437 0.085938
3 0.478125 0.494531 0.015625 0.023438
4 0.587500 0.324219 0.337500 0.195312
5 0.227344 0.271875 0.020313 0.034375
5 0.131250 0.332031 0.090625 0.026562
5 0.428906 0.421875 0.076563 0.031250
6 0.660156 0.606250 0.045312 0.006250
7 0.328125 0.472656 0.009375 0.023438
8 0.570312 0.437500 0.028125 0.059375
