0 0.495312 0.575781 0.106250 0.204687
0 0.714844 0.628125 0.167187 0.290625
0 0.347656 0.535937 0.045312 0.071875
0 0.987500 0.517188 0.015625 0.028125
0 0.860156 0.519531 0.017188 0.023438
0 0.078906 0.564844 0.123438 0.079687
2 0.364063 0.537500 0.134375 0.065625
2 0.164062 0.549219 0.037500 0.029687
4 0.178906 0.464844 0.142187 0.126562
4 0.017969 0.471875 0.035937 0.118750
5 0.593750 0.415625 0.100000 0.096875
5 0.879687 0.430469 0.237500 0.060937
5 0.262500 0.423438 0.018750 0.021875
5 0.697656 0.443750 0.098437 0.040625
5 0.430469 0.489063 0.032813 0.009375
7 0.994531 0.524219 0.007812 0.014063
7 0.257031 0.547656 0.032813 0.017188
