0 0.025000 0.532813 0.025000 0.093750
0 0.328125 0.552344 0.100000 0.070312
0 0.464844 0.554688 0.029687 0.040625
0 0.566406 0.556250 0.010937 0.025000
2 0.092969 0.530469 0.185938 0.073438
2 0.710938 0.607031 0.228125 0.114062
2 0.910156 0.600781 0.160938 0.064062
4 0.435156 0.453125 0.017188 0.056250
4 0.903125 0.449219 0.031250 0.026562
5 0.440625 0.535156 0.021875 0.101562
5 0.942969 0.637500 0.029687 0.050000
6 0.958594 0.710938 0.039062 0.009375
6 0.866406 0.811719 0.060937 0.020313
6 0.878125 0.912500 0.118750 0.065625
