0 0.680469 0.528125 0.114062 0.146875
0 0.801562 0.550781 0.071875 0.151562
0 0.580469 0.519531 0.073438 0.076563
0 0.849219 0.500000 0.010937 0.031250
0 0.471875 0.517188 0.006250 0.028125
2 0.107031 0.574219 0.214062 0.314063
2 0.366406 0.519531 0.157812 0.120313
2 0.756250 0.521094 0.050000 0.051562
2 0.867188 0.521875 0.028125 0.046875
4 0.583594 0.410938 0.170313 0.218750
4 0.621094 0.511719 0.010937 0.014063
5 0.621875 0.159375 0.200000 0.318750
5 0.591406 0.417187 0.092188 0.168750
5 0.504687 0.467969 0.056250 0.139063
6 0.685156 0.590625 0.035937 0.012500
8 0.262500 0.539062 0.050000 0.009375
