0 0.553906 0.511719 0.020313 0.067187
0 0.403125 0.539844 0.012500 0.042188
2 0.970313 0.416406 0.056250 0.079687
2 0.838281 0.454688 0.142187 0.084375
4 0.117969 0.334375 0.235937 0.628125
5 0.704688 0.360938 0.109375 0.078125
5 0.944531 0.351562 0.085938 0.021875
5 0.572656 0.451562 0.117188 0.140625
5 0.760156 0.446094 0.029687 0.076563
5 0.639844 0.476562 0.029687 0.078125
5 0.461719 0.507031 0.029687 0.076563
5 0.155469 0.577344 0.073438 0.092188
7 0.982031 0.467969 0.032813 0.085938
7 0.696875 0.497656 0.018750 0.035937
7 0.307812 0.685156 0.068750 0.148438
