0 0.931250 0.643750 0.134375 0.087500
0 0.196875 0.638281 0.021875 0.064062
0 0.804688 0.643750 0.021875 0.053125
2 0.401562 0.667188 0.115625 0.071875
2 0.548438 0.643750 0.050000 0.015625
2 0.038281 0.695312 0.076563 0.115625
4 0.161719 0.434375 0.251563 0.625000
4 0.623437 0.508594 0.062500 0.207813
4 0.471875 0.564063 0.106250 0.265625
5 0.179688 0.609375 0.012500 0.115625
5 0.015625 0.600000 0.025000 0.075000
6 0.940625 0.716406 0.046875 0.007812
6 0.459375 0.733594 0.031250 0.004687
7 0.268750 0.651563 0.006250 0.018750
