0 0.589063 0.649219 0.012500 0.029687
2 0.747656 0.668750 0.114062 0.034375
2 0.930469 0.692187 0.135937 0.081250
4 0.634375 0.593750 0.078125 0.218750
4 0.442969 0.604688 0.179688 0.109375
4 0.581250 0.621094 0.034375 0.054688
4 0.881250 0.621875 0.040625 0.053125
5 0.768750 0.596094 0.062500 0.042188
5 0.606250 0.620313 0.012500 0.021875
5 0.726562 0.630469 0.009375 0.010937
5 0.996094 0.649219 0.004687 0.035937
6 0.637500 0.754687 0.040625 0.009375
6 0.823438 0.783594 0.118750 0.042188
6 0.896094 0.942969 0.114062 0.035937
