0 0.571875 0.628906 0.015625 0.067187
0 0.685937 0.628906 0.012500 0.067187
2 0.124219 0.723437 0.248438 0.356250
2 0.889844 0.767969 0.217188 0.389062
2 0.362500 0.664844 0.159375 0.157812
2 0.446875 0.614062 0.012500 0.031250
2 0.659375 0.603906 0.021875 0.010937
4 0.769531 0.556250 0.085938 0.100000
4 0.874219 0.557813 0.101562 0.100000
5 0.989062 0.346875 0.018750 0.046875
5 0.636719 0.542969 0.085938 0.067187
5 0.333594 0.542969 0.107813 0.007812
5 0.714063 0.589844 0.025000 0.017188
6 0.601562 0.709375 0.028125 0.006250
