0 0.040625 0.632031 0.081250 0.204687
2 0.506250 0.661719 0.234375 0.114062
4 0.501563 0.550000 0.221875 0.121875
4 0.866406 0.597656 0.264062 0.145313
5 0.241406 0.361719 0.048438 0.060937
5 0.110156 0.449219 0.067187 0.026562
5 0.934375 0.521875 0.118750 0.078125
5 0.553906 0.575781 0.098437 0.073438
5 0.627344 0.555469 0.014063 0.029687
5 0.227344 0.603125 0.042188 0.065625
5 0.416406 0.592187 0.014063 0.012500
5 0.896875 0.635938 0.050000 0.059375
7 0.915625 0.643750 0.025000 0.043750
7 0.177344 0.664844 0.020313 0.073438
8 0.306250 0.665625 0.159375 0.103125
