0 0.617188 0.739062 0.028125 0.043750
2 0.321094 0.746875 0.101562 0.059375
2 0.427344 0.751563 0.060937 0.053125
4 0.923438 0.482812 0.150000 0.234375
4 0.107031 0.459375 0.082812 0.084375
4 0.530469 0.704688 0.095312 0.084375
4 0.430469 0.731250 0.070312 0.028125
5 0.118750 0.451562 0.237500 0.356250
5 0.892969 0.416406 0.070312 0.207813
5 0.778906 0.542188 0.076563 0.156250
5 0.721875 0.567969 0.175000 0.173437
5 0.301563 0.613281 0.065625 0.120313
5 0.625781 0.664844 0.007812 0.020313
5 0.231250 0.678906 0.034375 0.032813
5 0.028906 0.706250 0.039062 0.028125
7 0.731250 0.761719 0.028125 0.051562
7 0.528906 0.746094 0.007812 0.014063
