0 0.993750 0.620313 0.009375 0.100000
0 0.150781 0.647656 0.014063 0.026562
2 0.083594 0.710156 0.167187 0.264062
2 0.355469 0.671094 0.139063 0.092188
3 0.884375 0.648438 0.106250 0.081250
4 0.685156 0.527344 0.342187 0.285938
4 0.177344 0.528906 0.179688 0.245312
4 0.039844 0.529687 0.079687 0.109375
4 0.934375 0.643750 0.128125 0.156250
5 0.957031 0.602344 0.076563 0.110937
5 0.535937 0.621875 0.053125 0.050000
5 0.293750 0.625000 0.031250 0.040625
5 0.439063 0.628125 0.021875 0.031250
5 0.176563 0.650781 0.021875 0.045312
7 0.957812 0.693750 0.043750 0.075000
