1 0.510156 0.674219 0.054688 0.051562
2 0.925781 0.671094 0.145313 0.101562
2 0.359375 0.653906 0.115625 0.032813
2 0.507812 0.667969 0.121875 0.054688
3 0.196875 0.662500 0.021875 0.025000
3 0.957031 0.732812 0.082812 0.103125
4 0.712500 0.621875 0.281250 0.181250
4 0.397656 0.592187 0.123438 0.106250
4 0.478906 0.634375 0.010937 0.018750
4 0.261719 0.658594 0.048438 0.014063
5 0.604688 0.521875 0.050000 0.037500
5 0.148438 0.572656 0.025000 0.010937
5 0.551562 0.592187 0.034375 0.034375
5 0.303906 0.619531 0.051562 0.023438
7 0.980469 0.803906 0.035937 0.173437
