2 0.407031 0.638281 0.285938 0.270313
2 0.862500 0.605469 0.181250 0.132812
2 0.973437 0.546094 0.018750 0.014063
2 0.720313 0.607031 0.081250 0.117188
2 0.003125 0.653125 0.006250 0.103125
4 0.175000 0.491406 0.246875 0.289062
4 0.859375 0.469531 0.178125 0.107813
4 0.557813 0.533594 0.153125 0.217188
4 0.979688 0.481250 0.037500 0.059375
5 0.971094 0.205469 0.054688 0.164062
5 0.675781 0.492969 0.035937 0.070312
5 0.011719 0.507031 0.023438 0.048438
5 0.816406 0.565625 0.101562 0.090625
5 0.982031 0.585938 0.032813 0.065625
5 0.196875 0.610938 0.056250 0.046875
5 0.611719 0.614844 0.085938 0.026562
5 0.039844 0.636719 0.020313 0.017188
8 0.158594 0.778125 0.285938 0.178125
