2 0.048438 0.738281 0.096875 0.292187
2 0.963281 0.700000 0.070312 0.084375
2 0.818750 0.704688 0.165625 0.065625
2 0.329688 0.700781 0.143750 0.054688
2 0.172656 0.710156 0.135937 0.064062
4 0.933594 0.190625 0.129688 0.381250
4 0.991406 0.585938 0.014063 0.156250
4 0.584375 0.626563 0.243750 0.168750
4 0.388281 0.635156 0.132812 0.126562
5 0.071094 0.564844 0.070312 0.104688
5 0.717187 0.657031 0.015625 0.014063
5 0.203906 0.674219 0.032813 0.020313
5 0.525781 0.675000 0.020313 0.018750
6 0.748437 0.882812 0.059375 0.053125
7 0.761719 0.689844 0.014063 0.014063
8 0.268750 0.717187 0.056250 0.015625
