0 0.256250 0.677344 0.084375 0.482812
0 0.356250 0.676562 0.090625 0.362500
0 0.467187 0.667188 0.125000 0.243750
0 0.164062 0.577344 0.028125 0.035937
0 0.857812 0.577344 0.009375 0.020313
2 0.867969 0.612500 0.260937 0.106250
2 0.643750 0.592969 0.015625 0.045312
4 0.563281 0.417187 0.142187 0.256250
4 0.374219 0.437500 0.210938 0.271875
4 0.233594 0.447656 0.020313 0.017188
4 0.952344 0.494531 0.014063 0.023438
5 0.984375 0.281250 0.015625 0.015625
5 0.630469 0.463281 0.064062 0.064062
5 0.854688 0.531250 0.168750 0.093750
5 0.243750 0.608594 0.084375 0.195312
5 0.961719 0.525781 0.029687 0.029687
5 0.436719 0.526563 0.023438 0.015625
6 0.123438 0.738281 0.084375 0.007812
6 0.514062 0.859375 0.050000 0.028125
