0 0.947656 0.673438 0.101562 0.143750
0 0.806250 0.681250 0.106250 0.150000
0 0.690625 0.658594 0.021875 0.048438
0 0.005469 0.664844 0.010937 0.057813
0 0.871875 0.681250 0.018750 0.056250
1 0.692187 0.662500 0.081250 0.037500
2 0.146094 0.682813 0.179688 0.096875
2 0.918750 0.674219 0.078125 0.039062
4 0.136719 0.572656 0.064062 0.107813
4 0.797656 0.614062 0.023438 0.050000
5 0.614062 0.620313 0.028125 0.100000
5 0.040625 0.595313 0.021875 0.021875
5 0.430469 0.608594 0.026562 0.010937
5 0.188281 0.626563 0.023438 0.028125
5 0.698438 0.618750 0.015625 0.006250
7 0.898438 0.661719 0.012500 0.051562
7 0.421094 0.654687 0.007812 0.018750
7 0.805469 0.655469 0.007812 0.020313
7 0.016406 0.663281 0.014063 0.029687
