0 0.576562 0.529687 0.071875 0.071875
0 0.491406 0.523438 0.073438 0.050000
1 0.096094 0.519531 0.039062 0.035937
1 0.538281 0.535156 0.110937 0.032813
1 0.693750 0.542969 0.056250 0.039062
2 0.340625 0.609375 0.121875 0.246875
2 0.010156 0.540625 0.020313 0.050000
2 0.838281 0.608594 0.320312 0.160938
2 0.464062 0.638281 0.040625 0.198437
4 0.945312 0.046094 0.106250 0.092188
4 0.088281 0.611719 0.176563 0.198437
5 0.896094 0.097656 0.029687 0.101562
5 0.891406 0.215625 0.051562 0.134375
5 0.239063 0.437500 0.153125 0.131250
5 0.359375 0.435156 0.071875 0.107813
5 0.736719 0.420312 0.082812 0.031250
5 0.503906 0.450000 0.110937 0.053125
5 0.638281 0.478125 0.092188 0.065625
5 0.952344 0.526563 0.017188 0.056250
6 0.837500 0.650781 0.043750 0.010937
