0 0.147656 0.549219 0.017188 0.010937
0 0.026562 0.552344 0.009375 0.014063
0 0.642969 0.556250 0.007812 0.021875
0 0.275781 0.724219 0.039062 0.151562
2 0.120313 0.548438 0.034375 0.012500
2 0.650781 0.605469 0.151562 0.114062
2 0.785937 0.622656 0.078125 0.076563
4 0.247656 0.550781 0.289062 0.189062
4 0.069531 0.554688 0.139063 0.190625
5 0.890625 0.511719 0.081250 0.014063
5 0.543750 0.542188 0.006250 0.015625
5 0.196094 0.549219 0.023438 0.017188
6 0.938281 0.691406 0.073438 0.048438
6 0.621875 0.689844 0.018750 0.010937
6 0.871094 0.732812 0.035937 0.009375
6 0.123438 0.752344 0.043750 0.026562
6 0.875781 0.928125 0.185938 0.100000
