0 0.935937 0.381250 0.043750 0.125000
0 0.550000 0.384375 0.028125 0.071875
0 0.767188 0.382812 0.018750 0.025000
0 0.305469 0.419531 0.020313 0.032813
1 0.247656 0.460938 0.101562 0.115625
2 0.975000 0.364844 0.028125 0.039062
2 0.646875 0.435937 0.206250 0.162500
2 0.825000 0.397656 0.100000 0.079687
2 0.042969 0.579688 0.085938 0.421875
2 0.126562 0.456250 0.093750 0.093750
4 0.340625 0.188281 0.131250 0.345313
4 0.160938 0.484375 0.012500 0.040625
5 0.739844 0.285156 0.045312 0.092188
5 0.011719 0.293750 0.010937 0.043750
