0 0.975781 0.586719 0.045312 0.282813
0 0.624219 0.570312 0.154688 0.103125
0 0.534375 0.557813 0.015625 0.062500
1 0.430469 0.567969 0.017188 0.023438
2 0.207813 0.596094 0.415625 0.176563
4 0.823438 0.032031 0.284375 0.064062
4 0.964844 0.092969 0.067187 0.107813
4 0.381250 0.351562 0.306250 0.359375
4 0.211719 0.385156 0.020313 0.035937
4 0.187500 0.495312 0.134375 0.103125
4 0.837500 0.586719 0.031250 0.010937
5 0.251563 0.504687 0.037500 0.028125
5 0.827344 0.526563 0.010937 0.037500
6 0.275000 0.696875 0.053125 0.006250
7 0.474219 0.576562 0.017188 0.037500
7 0.678125 0.620313 0.046875 0.125000
