0 0.178125 0.588281 0.021875 0.101562
0 0.865625 0.651563 0.193750 0.193750
0 0.725000 0.622656 0.068750 0.114062
0 0.480469 0.602344 0.076563 0.070312
0 0.566406 0.591406 0.076563 0.042188
1 0.300000 0.626563 0.068750 0.078125
2 0.551562 0.596094 0.193750 0.057813
2 0.438281 0.596875 0.017188 0.046875
4 0.639062 0.496094 0.046875 0.160938
5 0.985156 0.223438 0.020313 0.059375
5 0.898438 0.379688 0.184375 0.184375
5 0.806250 0.492188 0.040625 0.025000
5 0.212500 0.545312 0.121875 0.103125
5 0.489844 0.515625 0.010937 0.015625
5 0.702344 0.613281 0.014063 0.048438
