0 0.765625 0.796094 0.031250 0.095312
2 0.277344 0.791406 0.554688 0.357812
2 0.664062 0.801562 0.153125 0.175000
2 0.889844 0.860938 0.217188 0.275000
4 0.289062 0.445312 0.146875 0.487500
4 0.732031 0.542969 0.126562 0.264062
4 0.040625 0.576562 0.081250 0.084375
4 0.238281 0.668750 0.032813 0.025000
5 0.122656 0.392188 0.157812 0.096875
5 0.076563 0.471875 0.028125 0.018750
5 0.508594 0.584375 0.192188 0.187500
5 0.138281 0.607812 0.048438 0.090625
5 0.371094 0.628906 0.057813 0.054688
5 0.553906 0.645312 0.010937 0.009375
5 0.686719 0.676562 0.010937 0.034375
7 0.747656 0.794531 0.020313 0.054688
