0 0.141406 0.715625 0.032813 0.112500
0 0.294531 0.709375 0.048438 0.053125
0 0.496094 0.741406 0.101562 0.092188
0 0.567969 0.752344 0.023438 0.076563
0 0.882031 0.762500 0.039062 0.071875
1 0.815625 0.823438 0.134375 0.168750
2 0.116406 0.710938 0.107813 0.059375
4 0.056250 0.729688 0.112500 0.046875
5 0.991406 0.570312 0.014063 0.128125
5 0.243750 0.583594 0.221875 0.135937
5 0.020313 0.578906 0.040625 0.092188
5 0.365625 0.667188 0.096875 0.059375
5 0.290625 0.688281 0.118750 0.079687
5 0.190625 0.739062 0.015625 0.050000
6 0.496875 0.953125 0.025000 0.009375
7 0.192969 0.742969 0.054688 0.089063
7 0.771094 0.796875 0.073438 0.143750
