0 0.226562 0.714063 0.006250 0.043750
2 0.832031 0.716406 0.189062 0.160938
2 0.508594 0.689063 0.057813 0.050000
2 0.384375 0.689844 0.065625 0.048438
2 0.280469 0.717187 0.082812 0.071875
2 0.126562 0.747656 0.096875 0.101562
3 0.959375 0.661719 0.068750 0.095312
3 0.598437 0.707031 0.050000 0.073438
4 0.481250 0.625000 0.034375 0.037500
4 0.704688 0.651563 0.112500 0.068750
4 0.208594 0.700781 0.023438 0.051562
4 0.425000 0.703125 0.075000 0.046875
5 0.803125 0.496875 0.162500 0.062500
5 0.950781 0.490625 0.095312 0.050000
5 0.635938 0.541406 0.006250 0.032813
5 0.579688 0.617969 0.093750 0.167187
5 0.400781 0.638281 0.123438 0.142187
5 0.035937 0.621094 0.071875 0.057813
5 0.232031 0.616406 0.017188 0.029687
5 0.439844 0.617188 0.014063 0.031250
5 0.535156 0.644531 0.010937 0.014063
7 0.330469 0.705469 0.017188 0.026562
