0 0.146875 0.434375 0.068750 0.081250
2 0.803125 0.581250 0.390625 0.596875
2 0.593750 0.419531 0.043750 0.042188
2 0.390625 0.496875 0.159375 0.159375
4 0.612500 0.401562 0.103125 0.106250
4 0.340625 0.412500 0.075000 0.093750
5 0.125781 0.139063 0.135937 0.278125
5 0.525000 0.039062 0.015625 0.050000
5 0.117969 0.307031 0.026562 0.029687
5 0.414844 0.392969 0.110937 0.107813
6 0.125000 0.514844 0.025000 0.007812
6 0.100781 0.716406 0.054688 0.017188
6 0.689844 0.950781 0.239063 0.095312
7 0.246094 0.443750 0.020313 0.046875
