0 0.200000 0.665625 0.184375 0.625000
0 0.332031 0.535937 0.073438 0.253125
0 0.595313 0.432812 0.015625 0.018750
0 0.447656 0.512500 0.095312 0.168750
0 0.046094 0.524219 0.092188 0.139063
0 0.010937 0.677344 0.021875 0.035937
2 0.750781 0.496094 0.495312 0.267188
4 0.036719 0.465625 0.020313 0.012500
5 0.832031 0.064844 0.057813 0.129688
5 0.838281 0.207813 0.042188 0.071875
5 0.342969 0.416406 0.085938 0.245312
5 0.964063 0.308594 0.012500 0.017188
5 0.749219 0.360156 0.010937 0.010937
5 0.469531 0.452344 0.079687 0.192188
5 0.241406 0.438281 0.017188 0.014063
6 0.957031 0.570312 0.057813 0.009375
7 0.285938 0.528906 0.021875 0.057813
7 0.654687 0.550781 0.050000 0.079687
