0 0.709375 0.477344 0.046875 0.054688
2 0.907031 0.485156 0.098437 0.098437
2 0.779687 0.492188 0.065625 0.056250
2 0.328125 0.560937 0.075000 0.096875
2 0.210156 0.562500 0.070312 0.087500
2 0.063281 0.546094 0.054688 0.029687
3 0.169531 0.555469 0.020313 0.032813
4 0.638281 0.265625 0.201563 0.531250
4 0.841406 0.281250 0.314063 0.400000
4 0.660937 0.405469 0.028125 0.089063
5 0.464844 0.434375 0.057813 0.081250
8 0.977344 0.506250 0.042188 0.046875
8 0.193750 0.532031 0.225000 0.026562
8 0.469531 0.542188 0.229687 0.046875
8 0.072656 0.648438 0.145313 0.256250
