0 0.256250 0.567187 0.046875 0.275000
0 0.535937 0.498437 0.015625 0.040625
0 0.111719 0.517188 0.017188 0.056250
2 0.329688 0.531250 0.112500 0.137500
2 0.432812 0.514844 0.071875 0.104688
2 0.050781 0.537500 0.101562 0.096875
4 0.495312 0.428906 0.184375 0.320312
4 0.126562 0.429688 0.059375 0.231250
5 0.552344 0.428906 0.020313 0.051562
6 0.391406 0.639844 0.051562 0.010937
6 0.648438 0.705469 0.193750 0.082812
6 0.934375 0.696875 0.090625 0.021875
7 0.557031 0.524219 0.007812 0.017188
7 0.364844 0.575781 0.035937 0.095312
