0 0.775000 0.457031 0.009375 0.045312
0 0.079687 0.674219 0.009375 0.045312
0 0.698438 0.677344 0.109375 0.051562
2 0.430469 0.670312 0.254688 0.100000
2 0.165625 0.662500 0.159375 0.068750
2 0.600781 0.675781 0.054688 0.042188
2 0.047656 0.684375 0.057813 0.046875
4 0.859375 0.279687 0.278125 0.559375
4 0.530469 0.603906 0.073438 0.095312
5 0.199219 0.540625 0.101562 0.175000
5 0.811719 0.547656 0.070312 0.120313
5 0.721875 0.563281 0.100000 0.082812
5 0.588281 0.581250 0.004687 0.034375
5 0.188281 0.621094 0.092188 0.014063
5 0.661719 0.676562 0.007812 0.018750
7 0.704688 0.685156 0.021875 0.039062
