0 0.522656 0.450781 0.010937 0.023438
1 0.843750 0.488281 0.012500 0.026562
1 0.029687 0.796875 0.059375 0.403125
2 0.035937 0.439844 0.034375 0.101562
2 0.140625 0.454688 0.087500 0.115625
2 0.395313 0.455469 0.240625 0.064062
2 0.850781 0.467969 0.179688 0.064062
2 0.657031 0.465625 0.173437 0.040625
2 0.752344 0.475000 0.010937 0.018750
2 0.970313 0.485156 0.046875 0.035937
4 0.068750 0.338281 0.137500 0.142187
4 0.898438 0.359375 0.056250 0.134375
4 0.585156 0.392188 0.073438 0.115625
5 0.875781 0.050000 0.185938 0.100000
5 0.217969 0.389062 0.010937 0.009375
7 0.767969 0.503125 0.042188 0.065625
