0 0.691406 0.478906 0.010937 0.020313
0 0.565625 0.528125 0.015625 0.081250
0 0.109375 0.578906 0.037500 0.045312
2 0.801562 0.627344 0.393750 0.398438
2 0.525781 0.533594 0.135937 0.045312
2 0.383594 0.549219 0.054688 0.039062
2 0.160156 0.581250 0.117188 0.062500
2 0.018750 0.621875 0.037500 0.131250
3 0.220312 0.578906 0.009375 0.023438
4 0.373437 0.493750 0.300000 0.178125
4 0.549219 0.508594 0.042188 0.067187
5 0.019531 0.321875 0.039062 0.028125
5 0.218750 0.524219 0.021875 0.017188
6 0.368750 0.731250 0.196875 0.059375
