0 0.917188 0.394531 0.115625 0.070312
0 0.835938 0.406250 0.021875 0.062500
0 0.477344 0.516406 0.092188 0.223438
0 0.582812 0.439063 0.043750 0.046875
0 0.202344 0.488281 0.051562 0.064062
2 0.800000 0.392188 0.159375 0.056250
2 0.670312 0.401562 0.093750 0.037500
2 0.601562 0.436719 0.050000 0.032813
2 0.166406 0.515625 0.104688 0.084375
3 0.826562 0.419531 0.084375 0.054688
3 0.703125 0.439844 0.146875 0.070312
3 0.239844 0.575781 0.342187 0.232813
3 0.040625 0.679688 0.081250 0.309375
4 0.842187 0.350000 0.028125 0.071875
5 0.446094 0.115625 0.020313 0.053125
5 0.075000 0.347656 0.100000 0.139063
5 0.420312 0.387500 0.106250 0.081250
5 0.885938 0.357031 0.018750 0.010937
5 0.245312 0.414844 0.112500 0.120313
5 0.336719 0.385156 0.051562 0.023438
5 0.611719 0.414844 0.014063 0.010937
5 0.843750 0.485938 0.012500 0.012500
7 0.750000 0.410156 0.112500 0.026562
7 0.675000 0.419531 0.009375 0.020313
