0 0.070312 0.626563 0.103125 0.446875
0 0.219531 0.467969 0.192188 0.110937
0 0.879687 0.556250 0.137500 0.281250
0 0.610938 0.456250 0.012500 0.034375
0 0.729688 0.478125 0.059375 0.075000
0 0.832031 0.528125 0.010937 0.018750
4 0.530469 0.439063 0.126562 0.150000
4 0.399219 0.440625 0.110937 0.131250
5 0.073438 0.078906 0.146875 0.157812
5 0.886719 0.289844 0.223438 0.198437
5 0.685937 0.380469 0.156250 0.289062
5 0.762500 0.380469 0.037500 0.039062
5 0.334375 0.400000 0.081250 0.037500
6 0.189844 0.538281 0.035937 0.004687
6 0.964844 0.700000 0.067187 0.021875
6 0.524219 0.880469 0.114062 0.060937
7 0.332813 0.470313 0.009375 0.040625
