0 0.321094 0.746094 0.101562 0.082812
0 0.735938 0.754687 0.034375 0.062500
0 0.565625 0.750781 0.009375 0.029687
2 0.559375 0.767188 0.168750 0.078125
5 0.903125 0.685937 0.190625 0.293750
5 0.123438 0.669531 0.084375 0.110937
5 0.755469 0.705469 0.110937 0.157812
5 0.260156 0.673438 0.095312 0.046875
5 0.865625 0.728906 0.081250 0.098437
5 0.335156 0.691406 0.004687 0.020313
5 0.434375 0.692187 0.037500 0.021875
5 0.774219 0.757031 0.017188 0.042188
7 0.417187 0.724219 0.006250 0.020313
7 0.689063 0.756250 0.006250 0.021875
