0 0.617969 0.652344 0.039062 0.042188
0 0.847656 0.648438 0.017188 0.034375
2 0.478906 0.653906 0.064062 0.070312
2 0.902344 0.711719 0.192188 0.173437
2 0.338281 0.688281 0.217188 0.085938
2 0.054688 0.716406 0.109375 0.114062
3 0.260937 0.703906 0.046875 0.082812
3 0.137500 0.720313 0.075000 0.096875
4 0.076563 0.463281 0.153125 0.364063
4 0.243750 0.575000 0.153125 0.256250
4 0.765625 0.659375 0.031250 0.025000
5 0.116406 0.519531 0.035937 0.073438
5 0.013281 0.647656 0.026562 0.029687
5 0.621875 0.660156 0.084375 0.045312
5 0.159375 0.646094 0.015625 0.007812
7 0.617188 0.670312 0.006250 0.021875
