0 0.700781 0.394531 0.020313 0.092188
0 0.503125 0.413281 0.015625 0.045312
0 0.209375 0.450000 0.025000 0.050000
1 0.883594 0.403906 0.092188 0.070312
2 0.380469 0.434375 0.132812 0.131250
2 0.260156 0.453125 0.092188 0.075000
4 0.272656 0.371875 0.076563 0.100000
5 0.703125 0.208594 0.200000 0.101562
5 0.910937 0.194531 0.175000 0.051562
5 0.056250 0.342187 0.112500 0.178125
5 0.622656 0.303125 0.095312 0.078125
5 0.514062 0.330469 0.109375 0.057813
5 0.613281 0.354687 0.014063 0.015625
5 0.182031 0.384375 0.023438 0.053125
5 0.764844 0.410938 0.060937 0.018750
5 0.522656 0.421094 0.010937 0.020313
6 0.692969 0.475781 0.204687 0.014063
6 0.252344 0.542969 0.135937 0.048438
6 0.393750 0.544531 0.075000 0.023438
