0 0.642969 0.615625 0.095312 0.043750
0 0.937500 0.640625 0.100000 0.081250
0 0.785937 0.633594 0.140625 0.057813
0 0.525781 0.642188 0.014063 0.056250
0 0.233594 0.713281 0.157812 0.170313
0 0.066406 0.745313 0.132812 0.190625
1 0.655469 0.677344 0.129688 0.098437
1 0.900000 0.667969 0.093750 0.073438
2 0.412500 0.789062 0.162500 0.387500
3 0.676562 0.790625 0.065625 0.084375
4 0.464844 0.557031 0.070312 0.076563
4 0.310156 0.567187 0.042188 0.075000
5 0.939063 0.538281 0.062500 0.029687
6 0.583594 0.757812 0.073438 0.078125
6 0.090625 0.838281 0.050000 0.010937
