0 0.035156 0.529687 0.070312 0.315625
0 0.311719 0.690625 0.126562 0.540625
0 0.610938 0.488281 0.003125 0.048438
2 0.075000 0.467187 0.128125 0.131250
2 0.876563 0.554688 0.243750 0.146875
4 0.865625 0.364063 0.265625 0.306250
4 0.885938 0.325781 0.021875 0.020313
5 0.505469 0.341406 0.104688 0.092188
5 0.833594 0.449219 0.014063 0.017188
6 0.569531 0.588281 0.035937 0.010937
6 0.186719 0.646875 0.060937 0.012500
6 0.445312 0.678125 0.040625 0.021875
6 0.751563 0.692187 0.090625 0.025000
7 0.043750 0.532813 0.031250 0.078125
