0 0.434375 0.592187 0.015625 0.062500
0 0.916406 0.586719 0.070312 0.045312
2 0.513281 0.578906 0.151562 0.042188
2 0.716406 0.589844 0.242188 0.051562
2 0.896875 0.601562 0.106250 0.046875
3 0.517188 0.585938 0.012500 0.021875
4 0.553906 0.500781 0.001563 0.042188
5 0.303906 0.432812 0.123438 0.306250
5 0.378906 0.492188 0.148438 0.181250
5 0.438281 0.448437 0.014063 0.081250
5 0.633594 0.534375 0.160938 0.143750
5 0.900000 0.503906 0.090625 0.010937
5 0.732812 0.589844 0.009375 0.020313
6 0.532031 0.667969 0.035937 0.032813
6 0.806250 0.707031 0.153125 0.051562
