2 0.303125 0.677344 0.265625 0.185938
2 0.515625 0.619531 0.078125 0.039062
2 0.899219 0.673438 0.154688 0.134375
2 0.596875 0.641406 0.059375 0.029687
2 0.761719 0.666406 0.067187 0.073438
3 0.489844 0.668750 0.010937 0.025000
4 0.925000 0.342969 0.028125 0.023438
4 0.403906 0.503125 0.282813 0.262500
4 0.595313 0.581250 0.146875 0.150000
5 0.049219 0.043750 0.098437 0.087500
5 0.355469 0.248438 0.092188 0.031250
5 0.308594 0.566406 0.029687 0.017188
5 0.689844 0.596875 0.029687 0.031250
5 0.032813 0.621875 0.028125 0.018750
6 0.441406 0.723437 0.045312 0.006250
