0 0.734375 0.572656 0.068750 0.057813
0 0.645312 0.589063 0.103125 0.068750
0 0.570312 0.592187 0.018750 0.062500
0 0.406250 0.630469 0.093750 0.126562
0 0.279687 0.682813 0.090625 0.175000
2 0.074219 0.596875 0.129688 0.087500
2 0.714063 0.574219 0.125000 0.026562
2 0.236719 0.590625 0.095312 0.056250
2 0.638281 0.580469 0.023438 0.026562
3 0.972656 0.596875 0.048438 0.093750
3 0.704688 0.592969 0.081250 0.039062
3 0.271094 0.649219 0.017188 0.054688
4 0.728906 0.477344 0.092188 0.170313
4 0.682813 0.531250 0.556250 0.271875
4 0.528906 0.567187 0.010937 0.012500
5 0.860938 0.387500 0.275000 0.106250
5 0.403906 0.517969 0.020313 0.157812
5 0.841406 0.522656 0.220312 0.148438
5 0.532813 0.554688 0.018750 0.009375
6 0.785156 0.946875 0.132812 0.056250
7 0.538281 0.613281 0.014063 0.026562
