0 0.864062 0.530469 0.034375 0.067187
0 0.205469 0.550000 0.026562 0.062500
0 0.010156 0.556250 0.020313 0.065625
0 0.614062 0.542969 0.006250 0.032813
2 0.270313 0.549219 0.115625 0.048438
2 0.503125 0.547656 0.109375 0.026562
2 0.191406 0.541406 0.014063 0.010937
4 0.082812 0.345313 0.165625 0.303125
4 0.300781 0.434375 0.235937 0.256250
5 0.697656 0.355469 0.035937 0.057813
5 0.913281 0.499219 0.117188 0.076563
5 0.733594 0.507812 0.014063 0.071875
5 0.022656 0.536719 0.026562 0.054688
7 0.896094 0.539844 0.014063 0.042188
7 0.053906 0.553906 0.007812 0.032813
