0 0.936719 0.689063 0.067187 0.284375
0 0.679688 0.669531 0.050000 0.195312
0 0.424219 0.707031 0.073438 0.201563
0 0.335156 0.739062 0.085938 0.259375
0 0.592187 0.669531 0.025000 0.092188
0 0.221094 0.710156 0.029687 0.139063
0 0.393750 0.711719 0.009375 0.023438
0 0.303125 0.747656 0.021875 0.045312
1 0.227344 0.737500 0.076563 0.062500
2 0.345313 0.680469 0.084375 0.064062
2 0.257031 0.686719 0.017188 0.057813
2 0.560937 0.673438 0.046875 0.031250
2 0.085938 0.693750 0.131250 0.056250
4 0.600781 0.534375 0.098437 0.346875
4 0.135937 0.567969 0.262500 0.207813
5 0.025781 0.155469 0.051562 0.310937
5 0.430469 0.250000 0.054688 0.093750
5 0.106250 0.241406 0.109375 0.070312
5 0.296094 0.336719 0.067187 0.064062
5 0.133594 0.413281 0.267188 0.210938
5 0.664062 0.437500 0.062500 0.075000
5 0.410156 0.464062 0.095312 0.121875
5 0.350781 0.468750 0.067187 0.059375
5 0.121094 0.619531 0.117188 0.085938
5 0.413281 0.613281 0.067187 0.020313
6 0.069531 0.770312 0.054688 0.006250
6 0.510156 0.802344 0.067187 0.020313
6 0.232031 0.810156 0.057813 0.010937
6 0.415625 0.975781 0.056250 0.014063
