0 0.717969 0.720313 0.107813 0.240625
2 0.057031 0.701562 0.054688 0.050000
2 0.360938 0.720313 0.240625 0.043750
2 0.487500 0.714844 0.006250 0.029687
4 0.506250 0.602344 0.059375 0.229687
4 0.203125 0.607812 0.025000 0.009375
4 0.428125 0.696094 0.025000 0.017188
5 0.594531 0.513281 0.039062 0.098437
5 0.842187 0.549219 0.028125 0.123438
5 0.150000 0.662500 0.159375 0.062500
5 0.257812 0.669531 0.018750 0.010937
5 0.532031 0.688281 0.079687 0.042188
6 0.639844 0.814844 0.032813 0.014063
7 0.587500 0.718750 0.025000 0.075000
