0 0.476562 0.548438 0.006250 0.025000
2 0.314844 0.512500 0.135937 0.050000
2 0.067969 0.602344 0.135937 0.164062
2 0.416406 0.543750 0.023438 0.028125
2 0.566406 0.601562 0.039062 0.031250
4 0.069531 0.314844 0.139063 0.629687
4 0.366406 0.489844 0.251563 0.110937
4 0.515625 0.482812 0.028125 0.071875
4 0.792188 0.576562 0.196875 0.156250
5 0.721875 0.265625 0.040625 0.012500
5 0.270313 0.411719 0.009375 0.023438
5 0.640625 0.502344 0.021875 0.051562
5 0.204687 0.543750 0.009375 0.018750
8 0.306250 0.660937 0.084375 0.140625
8 0.150781 0.654687 0.301563 0.118750
