0 0.707812 0.617969 0.018750 0.073438
2 0.027344 0.733594 0.054688 0.529687
2 0.407031 0.590625 0.148438 0.106250
2 0.956250 0.675000 0.084375 0.081250
3 0.546875 0.607031 0.015625 0.035937
4 0.041406 0.243750 0.082812 0.325000
4 0.547656 0.481250 0.010937 0.021875
4 0.197656 0.713281 0.017188 0.064062
5 0.539062 0.525781 0.006250 0.014063
6 0.589844 0.721875 0.064062 0.015625
7 0.245312 0.616406 0.040625 0.076563
7 0.981250 0.730469 0.034375 0.079687
8 0.488281 0.602344 0.017188 0.023438
8 0.782031 0.871875 0.295312 0.253125
