0 0.687500 0.521094 0.065625 0.204687
0 0.539844 0.510938 0.029687 0.065625
1 0.407031 0.540625 0.073438 0.068750
1 0.514844 0.550781 0.073438 0.073438
2 0.436719 0.493750 0.057813 0.134375
3 0.815625 0.698438 0.365625 0.600000
3 0.817969 0.428125 0.023438 0.050000
4 0.164844 0.184375 0.198437 0.253125
5 0.277344 0.247656 0.017188 0.026562
5 0.589063 0.265625 0.018750 0.046875
5 0.548438 0.345313 0.043750 0.046875
5 0.709375 0.339844 0.034375 0.023438
5 0.405469 0.428125 0.010937 0.012500
5 0.764062 0.496875 0.009375 0.025000
