0 0.302344 0.629687 0.004687 0.028125
0 0.124219 0.626563 0.007812 0.018750
2 0.561719 0.566406 0.073438 0.039062
2 0.278906 0.622656 0.157812 0.035937
2 0.154688 0.639062 0.062500 0.065625
4 0.474219 0.439063 0.160938 0.284375
4 0.028906 0.678906 0.057813 0.057813
5 0.865625 0.360156 0.059375 0.070312
5 0.789844 0.486719 0.035937 0.129688
5 0.676562 0.476562 0.103125 0.093750
5 0.074219 0.587500 0.017188 0.021875
5 0.296094 0.614844 0.007812 0.029687
7 0.382031 0.629687 0.045312 0.043750
8 0.459375 0.638281 0.112500 0.054688
