0 0.142969 0.839063 0.101562 0.162500
0 0.284375 0.828906 0.075000 0.139063
1 0.540625 0.814844 0.065625 0.082812
1 0.356250 0.825781 0.087500 0.095312
1 0.051562 0.855469 0.103125 0.104688
2 0.940625 0.788281 0.115625 0.185938
2 0.835938 0.799219 0.090625 0.157812
4 0.505469 0.953125 0.060937 0.090625
5 0.210156 0.735156 0.242188 0.260937
5 0.417187 0.674219 0.165625 0.129688
5 0.070312 0.688281 0.015625 0.014063
5 0.371875 0.756250 0.128125 0.025000
5 0.502344 0.754687 0.032813 0.009375
5 0.628125 0.794531 0.053125 0.085938
5 0.121875 0.864844 0.009375 0.029687
