0 0.485938 0.869531 0.143750 0.107813
0 0.601562 0.837500 0.015625 0.025000
0 0.389062 0.882031 0.040625 0.089063
0 0.179688 0.881250 0.056250 0.043750
1 0.567187 0.868750 0.006250 0.031250
1 0.360938 0.871875 0.012500 0.018750
1 0.130469 0.903125 0.026562 0.018750
2 0.871875 0.819531 0.181250 0.054688
2 0.753906 0.828125 0.039062 0.031250
2 0.031250 0.899219 0.034375 0.026562
4 0.784375 0.789844 0.118750 0.057813
4 0.658594 0.807031 0.079687 0.073438
5 0.867969 0.802344 0.045312 0.020313
5 0.371875 0.805469 0.009375 0.017188
5 0.290625 0.865625 0.012500 0.059375
5 0.115625 0.878125 0.025000 0.046875
