0 0.307812 0.439063 0.031250 0.059375
0 0.390625 0.443750 0.003125 0.040625
0 0.653125 0.484375 0.062500 0.115625
2 0.533594 0.509375 0.120313 0.165625
4 0.172656 0.246094 0.314063 0.492188
4 0.600781 0.282031 0.251563 0.564063
4 0.582812 0.425781 0.053125 0.160938
5 0.900000 0.171094 0.134375 0.114062
5 0.378125 0.199219 0.050000 0.085938
5 0.855469 0.412500 0.185938 0.334375
5 0.679688 0.335156 0.021875 0.117188
5 0.250781 0.346875 0.145313 0.125000
5 0.335938 0.370312 0.068750 0.015625
6 0.764062 0.556250 0.053125 0.009375
6 0.852344 0.648438 0.082812 0.015625
