0 0.138281 0.698438 0.007812 0.028125
2 0.924219 0.676562 0.148438 0.159375
2 0.285156 0.698438 0.217188 0.059375
2 0.477344 0.697656 0.089063 0.057813
2 0.065625 0.729688 0.131250 0.090625
2 0.157031 0.699219 0.029687 0.029687
4 0.787500 0.622656 0.184375 0.154688
4 0.182812 0.680469 0.053125 0.014063
5 0.664844 0.569531 0.048438 0.151562
5 0.230469 0.642969 0.104688 0.045312
5 0.085938 0.646875 0.171875 0.037500
5 0.598437 0.654687 0.071875 0.053125
5 0.384375 0.654687 0.006250 0.015625
6 0.050781 0.876563 0.070312 0.012500
