0 0.861719 0.597656 0.104688 0.060937
0 0.718750 0.625000 0.059375 0.090625
0 0.328906 0.681250 0.045312 0.137500
0 0.204687 0.650000 0.056250 0.050000
2 0.832031 0.602344 0.007812 0.017188
2 0.535156 0.685156 0.135937 0.170313
2 0.725000 0.614844 0.034375 0.023438
2 0.621094 0.621094 0.039062 0.023438
2 0.384375 0.635156 0.018750 0.026562
3 0.911719 0.673438 0.173437 0.206250
3 0.051562 0.791406 0.103125 0.239063
4 0.976562 0.380469 0.043750 0.060937
4 0.881250 0.452344 0.078125 0.173437
4 0.787500 0.489063 0.121875 0.231250
4 0.060937 0.653906 0.121875 0.107813
5 0.755469 0.529687 0.007812 0.062500
5 0.892188 0.575000 0.040625 0.015625
7 0.746875 0.642188 0.015625 0.037500
