0 0.053906 0.605469 0.095312 0.135937
0 0.350000 0.590625 0.078125 0.075000
0 0.537500 0.582031 0.009375 0.023438
1 0.219531 0.636719 0.070312 0.120313
1 0.367969 0.614844 0.048438 0.073438
1 0.614844 0.663281 0.123438 0.170313
1 0.017188 0.643750 0.034375 0.071875
2 0.435937 0.582031 0.078125 0.048438
3 0.470313 0.594531 0.043750 0.035937
3 0.279687 0.595313 0.040625 0.034375
4 0.628125 0.479687 0.112500 0.281250
4 0.363281 0.503125 0.010937 0.043750
5 0.475781 0.253906 0.120313 0.092188
5 0.436719 0.309375 0.039062 0.015625
5 0.379688 0.525781 0.028125 0.039062
6 0.315625 0.720313 0.040625 0.006250
