0 0.756250 0.767969 0.015625 0.035937
2 0.160156 0.763281 0.320312 0.123438
2 0.575781 0.757031 0.045312 0.023438
2 0.870313 0.782031 0.125000 0.057813
2 0.765625 0.778125 0.062500 0.031250
3 0.532031 0.767188 0.007812 0.018750
4 0.323437 0.621875 0.390625 0.353125
4 0.663281 0.642969 0.270313 0.326562
4 0.515625 0.639062 0.218750 0.315625
5 0.029687 0.691406 0.053125 0.057813
5 0.552344 0.685937 0.004687 0.046875
5 0.687500 0.710938 0.025000 0.040625
5 0.298438 0.705469 0.040625 0.010937
5 0.435937 0.710156 0.037500 0.017188
