0 0.539844 0.582812 0.067187 0.078125
0 0.611719 0.591406 0.026562 0.089063
2 0.771094 0.596094 0.257812 0.104688
2 0.216406 0.607812 0.198437 0.100000
2 0.057031 0.617188 0.114062 0.109375
2 0.957031 0.610938 0.082812 0.096875
2 0.485156 0.593750 0.098437 0.028125
2 0.339844 0.601562 0.017188 0.015625
4 0.042969 0.284375 0.085938 0.178125
4 0.066406 0.494531 0.132812 0.179688
4 0.217188 0.528125 0.159375 0.137500
5 0.511719 0.503906 0.032813 0.026562
5 0.385156 0.527344 0.020313 0.023438
7 0.592969 0.600000 0.020313 0.059375
8 0.079687 0.616406 0.075000 0.007812
