0 0.907813 0.610938 0.181250 0.228125
0 0.685937 0.611719 0.150000 0.210938
0 0.510156 0.612500 0.139063 0.209375
0 0.332031 0.590625 0.060937 0.143750
0 0.009375 0.543750 0.018750 0.046875
0 0.792969 0.562500 0.020313 0.062500
0 0.954688 0.626563 0.003125 0.034375
1 0.031250 0.603906 0.062500 0.082812
2 0.845313 0.549219 0.025000 0.020313
2 0.533594 0.559375 0.101562 0.031250
2 0.075000 0.571094 0.034375 0.048438
4 0.182812 0.433594 0.171875 0.026562
4 0.301563 0.439844 0.056250 0.020313
5 0.183594 0.271094 0.014063 0.026562
7 0.388281 0.626563 0.032813 0.090625
