0 0.375781 0.456250 0.004687 0.031250
0 0.137500 0.500781 0.012500 0.076563
0 0.696094 0.480469 0.020313 0.035937
0 0.295312 0.521875 0.012500 0.112500
0 0.953906 0.538281 0.064062 0.107813
2 0.559375 0.560937 0.268750 0.256250
2 0.003906 0.495312 0.007812 0.040625
2 0.996094 0.525781 0.004687 0.029687
2 0.952344 0.655469 0.092188 0.126562
2 0.921875 0.867969 0.153125 0.260937
4 0.382812 0.388281 0.140625 0.207813
5 0.607031 0.338281 0.092188 0.070312
5 0.531250 0.332031 0.068750 0.051562
5 0.767188 0.376563 0.065625 0.043750
5 0.283594 0.412500 0.039062 0.109375
5 0.920312 0.435156 0.037500 0.051562
5 0.393750 0.430469 0.009375 0.026562
5 0.638281 0.431250 0.020313 0.009375
6 0.775000 0.556250 0.018750 0.006250
8 0.857812 0.742969 0.025000 0.014063
