2 0.025000 0.644531 0.050000 0.026562
2 0.321875 0.667188 0.134375 0.068750
2 0.160156 0.647656 0.051562 0.017188
2 0.444531 0.655469 0.079687 0.032813
2 0.604688 0.660937 0.125000 0.043750
2 0.914844 0.693750 0.129688 0.081250
4 0.085156 0.586719 0.170313 0.067187
4 0.264844 0.600781 0.173437 0.048438
4 0.605469 0.607812 0.092188 0.056250
4 0.536719 0.605469 0.039062 0.042188
5 0.142969 0.572656 0.164062 0.042188
5 0.652344 0.567187 0.054688 0.025000
5 0.237500 0.586719 0.018750 0.017188
8 0.418750 0.640625 0.075000 0.040625
8 0.163281 0.689844 0.326562 0.098437
8 0.845313 0.685156 0.037500 0.032813
8 0.986719 0.702344 0.023438 0.048438
