0 0.253125 0.575000 0.078125 0.046875
0 0.773438 0.608594 0.090625 0.089063
0 0.038281 0.577344 0.020313 0.023438
2 0.342969 0.584375 0.104688 0.037500
2 0.896094 0.613281 0.151562 0.089063
2 0.178906 0.599219 0.042188 0.048438
2 0.100781 0.698438 0.201563 0.237500
4 0.322656 0.467969 0.326562 0.332813
4 0.635156 0.496875 0.226562 0.290625
4 0.676562 0.695312 0.234375 0.056250
5 0.724219 0.472656 0.048438 0.220312
5 0.125000 0.495312 0.078125 0.121875
5 0.621094 0.538281 0.045312 0.104688
5 0.527344 0.578906 0.070312 0.151562
5 0.825781 0.563281 0.007812 0.017188
7 0.607812 0.585938 0.015625 0.031250
