0 0.891406 0.499219 0.214062 0.998437
0 0.602344 0.375000 0.054688 0.090625
0 0.158594 0.385156 0.026562 0.029687
1 0.639062 0.379688 0.012500 0.028125
1 0.319531 0.414844 0.042188 0.073438
2 0.428906 0.388281 0.173437 0.189062
2 0.087500 0.419531 0.175000 0.104688
3 0.283594 0.398438 0.017188 0.037500
4 0.582031 0.199219 0.076563 0.239063
4 0.639062 0.395313 0.015625 0.012500
5 0.632031 0.166406 0.042188 0.023438
5 0.532813 0.353125 0.034375 0.293750
5 0.168750 0.279687 0.090625 0.078125
5 0.629687 0.286719 0.012500 0.017188
