0 0.284375 0.650000 0.034375 0.050000
0 0.146094 0.659375 0.057813 0.065625
2 0.262500 0.642969 0.012500 0.026562
2 0.468750 0.662500 0.053125 0.056250
2 0.063281 0.642188 0.017188 0.012500
2 0.714063 0.662500 0.246875 0.046875
2 0.896094 0.670312 0.104688 0.046875
3 0.125000 0.650000 0.040625 0.025000
3 0.279687 0.678906 0.037500 0.039062
3 0.971094 0.692187 0.035937 0.059375
3 0.215625 0.836719 0.128125 0.185938
4 0.982031 0.143750 0.032813 0.287500
4 0.992969 0.360938 0.010937 0.053125
4 0.142187 0.507812 0.196875 0.300000
4 0.053125 0.648438 0.106250 0.065625
5 0.377344 0.595313 0.029687 0.100000
5 0.280469 0.586719 0.007812 0.017188
5 0.063281 0.600781 0.026562 0.007812
7 0.579688 0.648438 0.025000 0.034375
8 0.089063 0.709375 0.178125 0.100000
8 0.319531 0.727344 0.082812 0.035937
8 0.081250 0.825000 0.162500 0.081250
