0 0.796875 0.656250 0.050000 0.065625
0 0.223438 0.661719 0.006250 0.045312
0 0.075000 0.677344 0.090625 0.073438
0 0.319531 0.678125 0.023438 0.075000
0 0.471875 0.660937 0.050000 0.037500
1 0.207031 0.695312 0.017188 0.046875
2 0.905469 0.678906 0.185938 0.298438
2 0.623437 0.706250 0.321875 0.206250
2 0.799219 0.645312 0.010937 0.053125
2 0.418750 0.673438 0.081250 0.056250
2 0.095312 0.683594 0.190625 0.051562
4 0.888281 0.378906 0.220312 0.451562
4 0.757812 0.457813 0.043750 0.187500
4 0.648438 0.540625 0.271875 0.187500
5 0.985156 0.360156 0.026562 0.070312
5 0.417969 0.629687 0.010937 0.031250
5 0.310156 0.667969 0.007812 0.017188
7 0.312500 0.660937 0.040625 0.040625
