0 0.869531 0.780469 0.257812 0.435937
0 0.371094 0.631250 0.114062 0.084375
0 0.555469 0.800000 0.214062 0.396875
0 0.114062 0.812500 0.228125 0.371875
2 0.727344 0.571875 0.098437 0.015625
2 0.375000 0.593750 0.109375 0.050000
2 0.912500 0.648438 0.171875 0.159375
2 0.665625 0.646094 0.259375 0.139063
2 0.278125 0.697656 0.268750 0.201563
2 0.045312 0.767188 0.090625 0.234375
4 0.599219 0.550000 0.251563 0.040625
5 0.889844 0.565625 0.073438 0.046875
5 0.630469 0.564063 0.004687 0.018750
5 0.321094 0.601562 0.173437 0.075000
6 0.413281 0.914062 0.032813 0.056250
