2 0.102344 0.689844 0.092188 0.048438
2 0.992969 0.687500 0.010937 0.043750
4 0.575781 0.585938 0.267188 0.415625
4 0.468750 0.617969 0.125000 0.129688
4 0.024219 0.601562 0.045312 0.009375
4 0.237500 0.628906 0.018750 0.054688
5 0.031250 0.513281 0.062500 0.164062
5 0.663281 0.528125 0.051562 0.121875
5 0.228125 0.575000 0.065625 0.121875
5 0.582031 0.627344 0.029687 0.020313
5 0.938281 0.650000 0.064062 0.028125
5 0.798438 0.668750 0.037500 0.050000
5 0.210156 0.667188 0.029687 0.015625
8 0.496094 0.670312 0.064062 0.025000
8 0.312500 0.675000 0.134375 0.028125
8 0.192969 0.857812 0.385937 0.281250
