0 0.669531 0.617188 0.032813 0.131250
0 0.464062 0.609375 0.162500 0.100000
0 0.186719 0.614844 0.104688 0.107813
0 0.586719 0.621094 0.029687 0.095312
0 0.089844 0.601562 0.023438 0.031250
0 0.750000 0.596094 0.015625 0.010937
1 0.520312 0.620313 0.034375 0.034375
1 0.074219 0.628125 0.048438 0.031250
1 0.350000 0.634375 0.046875 0.037500
2 0.014063 0.601562 0.028125 0.078125
2 0.838281 0.655469 0.160938 0.142187
4 0.025781 0.534375 0.051562 0.156250
4 0.764062 0.617188 0.012500 0.012500
5 0.628906 0.514844 0.089063 0.089063
5 0.972656 0.559375 0.010937 0.028125
5 0.052344 0.565625 0.007812 0.025000
5 0.784375 0.570312 0.056250 0.015625
5 0.563281 0.585156 0.014063 0.039062
