0 0.114844 0.501563 0.010937 0.031250
1 0.851562 0.640625 0.056250 0.143750
1 0.985938 0.667969 0.025000 0.120313
2 0.146094 0.509375 0.045312 0.037500
2 0.360156 0.520312 0.042188 0.037500
4 0.089063 0.274219 0.178125 0.351562
4 0.396094 0.403125 0.170313 0.353125
4 0.382031 0.496094 0.029687 0.089063
5 0.228125 0.231250 0.009375 0.012500
5 0.096875 0.466406 0.115625 0.051562
5 0.985156 0.541406 0.026562 0.164062
6 0.252344 0.594531 0.039062 0.004687
6 0.876563 0.706250 0.031250 0.012500
6 0.363281 0.753906 0.057813 0.020313
