0 0.019531 0.558594 0.039062 0.460938
0 0.916406 0.434375 0.017188 0.031250
0 0.310937 0.471875 0.103125 0.081250
0 0.674219 0.472656 0.070312 0.079687
0 0.214844 0.478906 0.023438 0.085938
0 0.460938 0.478906 0.075000 0.079687
2 0.596875 0.462500 0.078125 0.109375
2 0.826562 0.528906 0.271875 0.239063
2 0.446094 0.477344 0.173437 0.073438
2 0.310156 0.478125 0.067187 0.056250
3 0.973437 0.497656 0.050000 0.089063
3 0.455469 0.489844 0.107813 0.057813
4 0.493750 0.453906 0.112500 0.107813
6 0.277344 0.580469 0.051562 0.004687
6 0.555469 0.650000 0.092188 0.012500
6 0.196875 0.805469 0.190625 0.064062
