0 0.685156 0.685156 0.104688 0.332813
0 0.882031 0.621094 0.045312 0.060937
0 0.275000 0.628125 0.015625 0.021875
0 0.643750 0.823438 0.021875 0.059375
2 0.225000 0.655469 0.334375 0.123438
2 0.846875 0.612500 0.009375 0.018750
3 0.485156 0.636719 0.070312 0.054688
4 0.449219 0.410938 0.198437 0.493750
4 0.699219 0.413281 0.239063 0.401562
5 0.970313 0.536719 0.056250 0.076563
5 0.588281 0.572656 0.001563 0.051562
5 0.403125 0.592969 0.084375 0.073438
5 0.210938 0.575000 0.150000 0.021875
5 0.881250 0.597656 0.009375 0.017188
6 0.960156 0.858594 0.076563 0.039062
7 0.514062 0.786719 0.078125 0.210938
