0 0.212500 0.596875 0.009375 0.031250
0 0.024219 0.746875 0.048438 0.281250
0 0.446094 0.642188 0.026562 0.065625
1 0.307031 0.650781 0.026562 0.048438
2 0.550781 0.639844 0.045312 0.073438
2 0.151562 0.710156 0.246875 0.210938
2 0.378906 0.652344 0.117188 0.092188
3 0.471875 0.690625 0.134375 0.153125
3 0.532813 0.643750 0.018750 0.040625
3 0.095312 0.776563 0.134375 0.171875
4 0.078125 0.085156 0.156250 0.170313
5 0.264844 0.521094 0.126562 0.057813
5 0.532813 0.594531 0.009375 0.014063
5 0.248438 0.623437 0.012500 0.015625
