2 0.746875 0.560937 0.125000 0.034375
2 0.439063 0.596875 0.165625 0.096875
2 0.592969 0.595313 0.082812 0.081250
2 0.219531 0.619531 0.195312 0.117188
2 0.336719 0.578906 0.032813 0.029687
4 0.916406 0.489063 0.164062 0.206250
4 0.714844 0.473438 0.067187 0.084375
4 0.064062 0.639062 0.128125 0.159375
4 0.377344 0.597656 0.026562 0.017188
5 0.091406 0.432812 0.098437 0.065625
5 0.174219 0.518750 0.120313 0.071875
5 0.353125 0.534375 0.146875 0.043750
5 0.759375 0.536719 0.006250 0.039062
8 0.400000 0.675781 0.093750 0.129688
8 0.341406 0.711719 0.073438 0.060937
