0 0.990625 0.569531 0.015625 0.067187
0 0.072656 0.571875 0.026562 0.065625
0 0.185156 0.585156 0.014063 0.070312
0 0.295312 0.589063 0.068750 0.068750
0 0.424219 0.585156 0.067187 0.051562
0 0.516406 0.588281 0.010937 0.042188
2 0.610938 0.600781 0.184375 0.123438
2 0.184375 0.567969 0.075000 0.026562
4 0.726562 0.091406 0.103125 0.123438
4 0.874219 0.213281 0.017188 0.051562
4 0.097656 0.473438 0.195312 0.193750
4 0.264844 0.500000 0.117188 0.171875
5 0.375000 0.532813 0.075000 0.084375
5 0.327344 0.558594 0.007812 0.032813
6 0.717187 0.788281 0.021875 0.014063
7 0.919531 0.687500 0.045312 0.112500
