0 0.911719 0.382812 0.142187 0.134375
0 0.678125 0.419531 0.028125 0.060937
0 0.327344 0.453125 0.095312 0.078125
0 0.269531 0.471875 0.014063 0.031250
1 0.729688 0.432031 0.059375 0.076563
2 0.537500 0.428125 0.103125 0.062500
2 0.448437 0.453906 0.031250 0.023438
4 0.091406 0.345313 0.182812 0.121875
5 0.895312 0.325781 0.206250 0.198437
5 0.621875 0.278125 0.015625 0.021875
5 0.655469 0.396875 0.035937 0.018750
5 0.300000 0.455469 0.025000 0.039062
6 0.303125 0.517188 0.043750 0.006250
6 0.119531 0.580469 0.051562 0.014063
8 0.990625 0.417969 0.015625 0.017188
8 0.843750 0.429688 0.109375 0.021875
