0 0.710156 0.560937 0.070312 0.046875
0 0.482031 0.578906 0.010937 0.029687
0 0.273438 0.712500 0.031250 0.125000
1 0.712500 0.616406 0.006250 0.023438
2 0.592969 0.531250 0.060937 0.025000
2 0.043750 0.682813 0.087500 0.187500
2 0.439844 0.681250 0.092188 0.090625
2 0.853125 0.745313 0.153125 0.156250
4 0.522656 0.541406 0.235937 0.107813
4 0.420312 0.710938 0.034375 0.015625
5 0.258594 0.482812 0.026562 0.034375
5 0.585938 0.488281 0.112500 0.032813
5 0.377344 0.535156 0.007812 0.051562
7 0.728125 0.580469 0.009375 0.026562
7 0.389062 0.614062 0.015625 0.040625
7 0.181250 0.710156 0.025000 0.082812
