0 0.477344 0.453906 0.035937 0.029687
0 0.703125 0.513281 0.096875 0.129688
0 0.614844 0.515625 0.070312 0.118750
0 0.798438 0.642969 0.056250 0.076563
1 0.292969 0.464844 0.007812 0.020313
1 0.592187 0.483594 0.084375 0.035937
1 0.224219 0.757812 0.082812 0.184375
2 0.723437 0.486719 0.068750 0.042188
3 0.358594 0.492188 0.039062 0.037500
3 0.043750 0.714063 0.087500 0.159375
3 0.446094 0.718750 0.035937 0.106250
4 0.590625 0.391406 0.159375 0.198437
4 0.414844 0.393750 0.045312 0.056250
5 0.088281 0.258594 0.110937 0.117188
5 0.750781 0.347656 0.048438 0.048438
5 0.352344 0.410938 0.051562 0.034375
5 0.638281 0.457031 0.020313 0.035937
6 0.679688 0.617188 0.050000 0.015625
8 0.125000 0.519531 0.165625 0.029687
