0 0.046094 0.647656 0.092188 0.226562
0 0.226562 0.635156 0.093750 0.167187
0 0.530469 0.588281 0.032813 0.064062
0 0.708594 0.653906 0.073438 0.173437
0 0.878906 0.654687 0.023438 0.068750
1 0.839063 0.688281 0.021875 0.076563
4 0.514062 0.503906 0.021875 0.051562
5 0.394531 0.391406 0.070312 0.085938
5 0.721875 0.437500 0.025000 0.021875
5 0.647656 0.526563 0.010937 0.081250
5 0.400000 0.522656 0.040625 0.026562
5 0.242969 0.669531 0.070312 0.092188
5 0.588281 0.680469 0.076563 0.092188
7 0.216406 0.650000 0.026562 0.081250
