2 0.689844 0.649219 0.085938 0.095312
2 0.198437 0.628906 0.200000 0.051562
2 0.505469 0.640625 0.167187 0.056250
2 0.500000 0.957031 0.996875 0.082812
4 0.757812 0.446094 0.053125 0.051562
4 0.926562 0.640625 0.143750 0.168750
4 0.535156 0.589063 0.035937 0.031250
4 0.253906 0.597656 0.017188 0.020313
5 0.845313 0.514844 0.018750 0.082812
5 0.069531 0.550781 0.139063 0.057813
5 0.400000 0.603906 0.012500 0.082812
5 0.316406 0.652344 0.035937 0.064062
5 0.603125 0.642969 0.025000 0.029687
6 0.411719 0.753906 0.051562 0.010937
7 0.003125 0.626563 0.006250 0.031250
8 0.800781 0.697656 0.126562 0.032813
8 0.978125 0.736719 0.040625 0.023438
