0 0.414844 0.345313 0.010937 0.021875
0 0.631250 0.361719 0.096875 0.026562
2 0.642188 0.513281 0.378125 0.335938
2 0.892969 0.749219 0.210938 0.498437
3 0.446875 0.367969 0.015625 0.042188
4 0.344531 0.077344 0.139063 0.154688
4 0.714063 0.277344 0.096875 0.195312
5 0.942187 0.167969 0.103125 0.148438
5 0.899219 0.268750 0.198437 0.284375
5 0.627344 0.245312 0.032813 0.059375
5 0.814844 0.325781 0.092188 0.148438
6 0.842187 0.450000 0.037500 0.006250
7 0.329688 0.364844 0.031250 0.067187
7 0.992188 0.432031 0.012500 0.029687
