0 0.090625 0.581250 0.034375 0.131250
0 0.220312 0.581250 0.012500 0.062500
0 0.719531 0.599219 0.079687 0.082812
2 0.447656 0.609375 0.067187 0.071875
2 0.988281 0.694531 0.020313 0.110937
3 0.588281 0.629687 0.029687 0.050000
4 0.209375 0.410938 0.100000 0.109375
5 0.988281 0.284375 0.020313 0.131250
5 0.108594 0.413281 0.217188 0.260937
5 0.868750 0.412500 0.259375 0.140625
5 0.782031 0.496875 0.176563 0.075000
5 0.451562 0.511719 0.209375 0.076563
5 0.287500 0.524219 0.112500 0.045312
5 0.676562 0.527344 0.121875 0.014063
8 0.943750 0.625000 0.109375 0.059375
