0 0.157031 0.584375 0.023438 0.078125
2 0.041406 0.550000 0.039062 0.031250
2 0.207031 0.593750 0.195312 0.065625
2 0.439063 0.628906 0.150000 0.039062
2 0.957812 0.639844 0.059375 0.039062
2 0.678906 0.650781 0.248438 0.029687
4 0.042969 0.540625 0.070312 0.059375
4 0.252344 0.586719 0.148438 0.082812
4 0.375781 0.593750 0.085938 0.040625
5 0.701562 0.553906 0.006250 0.026562
5 0.239844 0.577344 0.082812 0.048438
5 0.528125 0.599219 0.025000 0.051562
6 0.263281 0.704688 0.054688 0.012500
6 0.780469 0.742188 0.020313 0.006250
6 0.921875 0.777344 0.031250 0.010937
