0 0.431250 0.600781 0.087500 0.101562
0 0.547656 0.596094 0.045312 0.060937
0 0.085938 0.579688 0.018750 0.025000
0 0.671875 0.578906 0.012500 0.020313
0 0.989844 0.594531 0.017188 0.026562
0 0.010937 0.795312 0.021875 0.084375
2 0.112500 0.607812 0.225000 0.093750
2 0.634375 0.664844 0.312500 0.179688
2 0.890625 0.634375 0.215625 0.084375
4 0.195312 0.312500 0.112500 0.500000
4 0.821875 0.462500 0.228125 0.340625
4 0.533594 0.569531 0.010937 0.026562
5 0.314063 0.475000 0.068750 0.062500
5 0.211719 0.507031 0.023438 0.020313
5 0.067187 0.506250 0.056250 0.009375
5 0.570312 0.566406 0.068750 0.035937
5 0.319531 0.572656 0.029687 0.042188
7 0.771875 0.604688 0.046875 0.046875
