0 0.425000 0.625781 0.071875 0.117188
0 0.678125 0.617188 0.025000 0.093750
0 0.167969 0.621094 0.089063 0.098437
0 0.807813 0.585938 0.021875 0.012500
0 0.110937 0.610938 0.015625 0.040625
2 0.607812 0.602344 0.096875 0.120313
2 0.028906 0.616406 0.057813 0.020313
4 0.229687 0.180469 0.046875 0.051562
4 0.457813 0.450000 0.284375 0.153125
4 0.463281 0.565625 0.098437 0.121875
4 0.782813 0.584375 0.140625 0.028125
5 0.357031 0.259375 0.007812 0.068750
5 0.233594 0.319531 0.039062 0.023438
5 0.531250 0.328125 0.009375 0.031250
5 0.498437 0.450781 0.193750 0.060937
5 0.269531 0.440625 0.114062 0.037500
5 0.426563 0.612500 0.056250 0.106250
5 0.242969 0.620313 0.057813 0.106250
6 0.183594 0.698438 0.157812 0.025000
6 0.561719 0.792969 0.132812 0.023438
6 0.376563 0.795312 0.056250 0.012500
