0 0.182812 0.632031 0.021875 0.117188
0 0.278906 0.649219 0.026562 0.101562
0 0.594531 0.654687 0.026562 0.062500
0 0.916406 0.707031 0.026562 0.092188
2 0.243750 0.635938 0.059375 0.068750
2 0.501563 0.633594 0.125000 0.060937
2 0.661719 0.667969 0.060937 0.051562
2 0.975781 0.742188 0.045312 0.143750
4 0.315625 0.532031 0.075000 0.242188
4 0.438281 0.568750 0.089063 0.153125
4 0.513281 0.603125 0.035937 0.021875
5 0.987500 0.646875 0.021875 0.078125
6 0.553906 0.742188 0.042188 0.009375
6 0.857031 0.792188 0.042188 0.012500
7 0.342187 0.667969 0.018750 0.054688
