0 0.050781 0.403125 0.007812 0.031250
0 0.444531 0.466406 0.089063 0.157812
0 0.308594 0.440625 0.020313 0.093750
0 0.573438 0.470313 0.103125 0.153125
0 0.692969 0.464062 0.107813 0.134375
0 0.960156 0.572656 0.076563 0.351562
0 0.793750 0.475781 0.034375 0.120313
1 0.837500 0.469531 0.056250 0.054688
2 0.557813 0.417969 0.109375 0.123438
2 0.038281 0.400000 0.010937 0.018750
2 0.225000 0.421094 0.153125 0.051562
4 0.081250 0.344531 0.162500 0.135937
5 0.068750 0.226562 0.081250 0.143750
5 0.051562 0.282813 0.046875 0.025000
5 0.382031 0.367188 0.076563 0.062500
5 0.497656 0.430469 0.029687 0.051562
5 0.815625 0.430469 0.075000 0.051562
