2 0.551562 0.480469 0.112500 0.082812
2 0.146875 0.488281 0.071875 0.042188
2 0.835938 0.487500 0.146875 0.034375
4 0.414062 0.495312 0.159375 0.112500
4 0.803125 0.535937 0.390625 0.131250
4 0.079687 0.650781 0.159375 0.201563
5 0.304688 0.241406 0.125000 0.132812
5 0.917969 0.278906 0.064062 0.076563
5 0.407813 0.369531 0.112500 0.160938
5 0.707031 0.396094 0.064062 0.114062
5 0.310937 0.432812 0.146875 0.131250
5 0.572656 0.451562 0.154688 0.050000
5 0.417187 0.457031 0.125000 0.057813
5 0.730469 0.487500 0.007812 0.018750
5 0.978125 0.489844 0.040625 0.010937
5 0.160156 0.528906 0.039062 0.060937
7 0.039062 0.489063 0.018750 0.034375
