0 0.012500 0.775781 0.006250 0.017188
2 0.710156 0.776563 0.057813 0.071875
2 0.279687 0.773438 0.043750 0.043750
2 0.474219 0.763281 0.082812 0.023438
2 0.051562 0.783594 0.040625 0.026562
3 0.144531 0.783594 0.020313 0.017188
4 0.962500 0.559375 0.071875 0.331250
4 0.031250 0.549219 0.034375 0.029687
4 0.496094 0.653125 0.045312 0.184375
4 0.919531 0.767188 0.157812 0.262500
5 0.236719 0.703125 0.032813 0.078125
5 0.796875 0.714844 0.037500 0.085938
5 0.373437 0.732812 0.015625 0.059375
5 0.128125 0.725781 0.053125 0.032813
5 0.685156 0.740625 0.004687 0.021875
5 0.010156 0.741406 0.020313 0.010937
6 0.240625 0.890625 0.109375 0.034375
