0 0.756250 0.546094 0.134375 0.176563
0 0.631250 0.482031 0.009375 0.032813
1 0.857812 0.567187 0.009375 0.034375
2 0.167187 0.573438 0.334375 0.378125
2 0.587500 0.605469 0.231250 0.298438
2 0.375781 0.489063 0.079687 0.056250
2 0.766406 0.551562 0.064062 0.075000
4 0.053906 0.207031 0.107813 0.414062
4 0.922656 0.403125 0.151562 0.400000
4 0.595313 0.425000 0.093750 0.096875
5 0.597656 0.232031 0.020313 0.026562
5 0.617969 0.447656 0.064062 0.085938
5 0.745313 0.453906 0.012500 0.054688
6 0.926562 0.570312 0.034375 0.006250
