0 0.721875 0.148438 0.015625 0.050000
0 0.585938 0.157031 0.006250 0.035937
0 0.455469 0.239063 0.045312 0.150000
0 0.185156 0.319531 0.089063 0.257812
1 0.803125 0.164062 0.025000 0.056250
1 0.023438 0.435937 0.031250 0.084375
2 0.766406 0.135937 0.042188 0.059375
2 0.635156 0.142969 0.020313 0.026562
4 0.746875 0.096875 0.081250 0.071875
4 0.102344 0.632031 0.060937 0.070312
5 0.524219 0.028906 0.039062 0.057813
5 0.786719 0.043750 0.032813 0.087500
5 0.325781 0.072656 0.123438 0.142187
5 0.789844 0.163281 0.023438 0.051562
5 0.260937 0.205469 0.053125 0.035937
5 0.982031 0.217188 0.032813 0.059375
6 0.621094 0.382812 0.073438 0.025000
7 0.928125 0.192969 0.059375 0.039062
