0 0.799219 0.529687 0.020313 0.075000
0 0.265625 0.517188 0.006250 0.025000
1 0.682813 0.527344 0.009375 0.026562
1 0.778125 0.542969 0.018750 0.039062
2 0.327344 0.521094 0.060937 0.064062
2 0.896875 0.525781 0.168750 0.064062
2 0.539062 0.527344 0.037500 0.035937
2 0.002344 0.563281 0.004687 0.089063
3 0.282031 0.531250 0.007812 0.018750
4 0.793750 0.333594 0.100000 0.410938
4 0.050000 0.224219 0.100000 0.098437
4 0.567187 0.246094 0.168750 0.039062
4 0.468750 0.250000 0.015625 0.021875
4 0.127344 0.451562 0.254688 0.256250
5 0.256250 0.489844 0.009375 0.017188
5 0.090625 0.525781 0.015625 0.026562
6 0.673438 0.649219 0.071875 0.010937
8 0.496875 0.518750 0.321875 0.053125
8 0.272656 0.517969 0.010937 0.026562
8 0.617969 0.641406 0.123438 0.089063
