0 0.391406 0.528125 0.042188 0.065625
0 0.814063 0.534375 0.025000 0.068750
1 0.778125 0.556250 0.050000 0.028125
2 0.073438 0.510156 0.146875 0.207813
2 0.903125 0.675000 0.190625 0.356250
2 0.659375 0.560937 0.200000 0.112500
2 0.489063 0.525000 0.121875 0.037500
2 0.027344 0.578125 0.007812 0.034375
4 0.114844 0.350000 0.104688 0.028125
4 0.392969 0.442188 0.123438 0.171875
4 0.510156 0.461719 0.092188 0.126562
5 0.597656 0.313281 0.017188 0.023438
5 0.137500 0.364844 0.090625 0.107813
5 0.388281 0.402344 0.029687 0.145313
5 0.046094 0.461719 0.045312 0.214062
5 0.233594 0.451562 0.067187 0.109375
5 0.902344 0.421094 0.189062 0.042188
5 0.790625 0.499219 0.159375 0.145313
5 0.152344 0.483594 0.026562 0.045312
5 0.566406 0.478906 0.020313 0.017188
5 0.407031 0.538281 0.035937 0.035937
6 0.068750 0.689063 0.068750 0.021875
