0 0.581250 0.585156 0.028125 0.042188
0 0.429688 0.590625 0.012500 0.043750
0 0.261719 0.595313 0.026562 0.040625
1 0.451562 0.607812 0.046875 0.043750
2 0.921094 0.573438 0.154688 0.068750
2 0.411719 0.581250 0.010937 0.012500
2 0.030469 0.647656 0.060937 0.079687
3 0.710156 0.599219 0.076563 0.051562
4 0.642969 0.408594 0.423438 0.398438
4 0.022656 0.479687 0.045312 0.115625
4 0.599219 0.567969 0.020313 0.048438
5 0.688281 0.519531 0.004687 0.032813
5 0.593750 0.542188 0.012500 0.021875
5 0.038281 0.546094 0.010937 0.020313
