0 0.086719 0.510938 0.160938 0.534375
0 0.788281 0.462500 0.073438 0.200000
0 0.927344 0.450781 0.098437 0.157812
0 0.618750 0.466406 0.125000 0.132812
0 0.378125 0.469531 0.043750 0.104688
2 0.035156 0.489063 0.014063 0.031250
4 0.942187 0.132812 0.112500 0.209375
5 0.800000 0.187500 0.196875 0.087500
5 0.667188 0.206250 0.062500 0.050000
5 0.363281 0.337500 0.107813 0.128125
5 0.571875 0.406250 0.284375 0.131250
5 0.183594 0.410156 0.032813 0.054688
5 0.781250 0.435156 0.121875 0.101562
5 0.882031 0.434375 0.039062 0.100000
6 0.033594 0.680469 0.067187 0.017188
