0 0.567969 0.307031 0.101562 0.151562
0 0.442188 0.302344 0.025000 0.092188
0 0.689063 0.344531 0.040625 0.123438
1 0.925781 0.432812 0.123438 0.096875
1 0.471875 0.481250 0.115625 0.121875
2 0.344531 0.261719 0.110937 0.110937
2 0.440625 0.285156 0.059375 0.064062
2 0.053125 0.707812 0.106250 0.350000
5 0.730469 0.189844 0.117188 0.092188
5 0.495312 0.182812 0.078125 0.050000
5 0.925000 0.214062 0.146875 0.059375
5 0.618750 0.203906 0.037500 0.032813
6 0.363281 0.367969 0.032813 0.010937
6 0.438281 0.532031 0.057813 0.023438
6 0.921875 0.549219 0.046875 0.010937
