0 0.286719 0.188281 0.051562 0.092188
0 0.198437 0.242188 0.046875 0.106250
0 0.799219 0.254688 0.073438 0.131250
2 0.514062 0.208594 0.096875 0.089063
2 0.800000 0.211719 0.109375 0.070312
2 0.425000 0.239063 0.109375 0.115625
2 0.009375 0.194531 0.018750 0.017188
2 0.907031 0.219531 0.073438 0.064062
2 0.974219 0.217188 0.048438 0.050000
2 0.460156 0.415625 0.157812 0.209375
3 0.980469 0.228125 0.029687 0.028125
3 0.836719 0.396875 0.067187 0.128125
4 0.038281 0.034375 0.076563 0.068750
4 0.796875 0.139844 0.087500 0.279687
4 0.971094 0.059375 0.054688 0.118750
4 0.616406 0.167187 0.007812 0.031250
5 0.907031 0.088281 0.060937 0.117188
5 0.323437 0.100781 0.021875 0.032813
5 0.864062 0.217188 0.031250 0.096875
5 0.744531 0.242969 0.014063 0.023438
6 0.740625 0.300000 0.034375 0.006250
6 0.082031 0.377344 0.042188 0.017188
6 0.291406 0.406250 0.067187 0.043750
