2 0.349219 0.644531 0.289062 0.207813
2 0.642188 0.664062 0.196875 0.153125
2 0.900781 0.642969 0.195312 0.064062
4 0.164844 0.460156 0.139063 0.239063
4 0.048438 0.481250 0.096875 0.196875
4 0.435156 0.562500 0.182812 0.100000
4 0.552344 0.609375 0.045312 0.018750
4 0.961719 0.650000 0.007812 0.018750
5 0.653906 0.457813 0.048438 0.018750
5 0.531250 0.569531 0.078125 0.070312
5 0.182812 0.557031 0.015625 0.007812
5 0.392969 0.568750 0.007812 0.015625
5 0.795312 0.571875 0.018750 0.012500
5 0.948438 0.582031 0.046875 0.017188
6 0.798438 0.702344 0.031250 0.004687
6 0.962500 0.722656 0.050000 0.007812
