0 0.737500 0.503906 0.125000 0.145313
0 0.577344 0.512500 0.101562 0.106250
0 0.454688 0.575000 0.131250 0.212500
0 0.334375 0.564063 0.059375 0.162500
0 0.215625 0.703125 0.140625 0.437500
2 0.624219 0.472656 0.029687 0.023438
2 0.099219 0.769531 0.198437 0.379688
2 0.239063 0.752344 0.031250 0.067187
4 0.826562 0.301563 0.084375 0.056250
5 0.899219 0.289844 0.070312 0.251563
5 0.756250 0.286719 0.209375 0.129688
5 0.053125 0.394531 0.106250 0.254688
5 0.350781 0.422656 0.251563 0.073438
5 0.799219 0.464844 0.129688 0.135937
5 0.639062 0.469531 0.109375 0.085938
5 0.592187 0.479687 0.012500 0.018750
6 0.706250 0.582031 0.168750 0.085938
6 0.534375 0.580469 0.034375 0.004687
6 0.795312 0.620313 0.175000 0.056250
