2 0.107813 0.714063 0.215625 0.187500
2 0.395313 0.671875 0.162500 0.093750
2 0.564844 0.657813 0.120313 0.062500
2 0.260937 0.669531 0.078125 0.060937
2 0.903125 0.689844 0.190625 0.064062
4 0.926562 0.359375 0.143750 0.450000
4 0.839063 0.464062 0.006250 0.031250
4 0.145313 0.590625 0.290625 0.140625
4 0.758594 0.618750 0.167187 0.137500
5 0.709375 0.532813 0.221875 0.150000
5 0.614844 0.596875 0.082812 0.093750
5 0.528906 0.609375 0.073438 0.065625
5 0.183594 0.634375 0.010937 0.015625
5 0.924219 0.649219 0.079687 0.023438
5 0.638281 0.682031 0.010937 0.010937
8 0.257812 0.671875 0.112500 0.031250
