0 0.634375 0.725781 0.065625 0.039062
0 0.325781 0.747656 0.010937 0.045312
0 0.179688 0.781250 0.050000 0.090625
1 0.156250 0.767188 0.081250 0.050000
1 0.237500 0.770312 0.012500 0.028125
2 0.866406 0.827344 0.264062 0.320312
2 0.410156 0.746875 0.132812 0.087500
2 0.560937 0.738281 0.050000 0.051562
4 0.152344 0.772656 0.201563 0.082812
5 0.790625 0.489844 0.415625 0.401562
5 0.739844 0.449219 0.017188 0.029687
5 0.196094 0.647656 0.126562 0.045312
5 0.292969 0.682031 0.017188 0.023438
5 0.518750 0.689844 0.046875 0.032813
5 0.067187 0.722656 0.028125 0.073438
