0 0.085156 0.585938 0.029687 0.087500
0 0.401562 0.611719 0.015625 0.073438
0 0.765625 0.633594 0.015625 0.060937
1 0.259375 0.638281 0.015625 0.054688
2 0.478906 0.651563 0.164062 0.171875
2 0.703906 0.635938 0.098437 0.050000
2 0.972656 0.726562 0.051562 0.168750
4 0.781250 0.446875 0.131250 0.325000
4 0.372656 0.560156 0.123438 0.098437
4 0.525000 0.559375 0.068750 0.062500
4 0.946875 0.664844 0.081250 0.148438
4 0.792188 0.651563 0.043750 0.096875
5 0.366406 0.087500 0.026562 0.175000
5 0.671875 0.010937 0.131250 0.021875
5 0.380469 0.368750 0.017188 0.068750
5 0.900000 0.496094 0.112500 0.070312
5 0.615625 0.558594 0.134375 0.135937
5 0.728906 0.543750 0.073438 0.090625
5 0.317188 0.530469 0.065625 0.045312
