0 0.985156 0.424219 0.026562 0.104688
0 0.834375 0.425000 0.106250 0.096875
0 0.629687 0.428906 0.093750 0.085938
0 0.572656 0.428125 0.014063 0.040625
0 0.792188 0.448437 0.006250 0.018750
0 0.231250 0.471094 0.043750 0.039062
1 0.592187 0.439844 0.025000 0.029687
2 0.625000 0.421875 0.043750 0.043750
2 0.503906 0.442969 0.114062 0.051562
2 0.370312 0.460156 0.137500 0.060937
3 0.724219 0.423438 0.098437 0.043750
3 0.224219 0.485938 0.048438 0.050000
3 0.132812 0.524219 0.046875 0.051562
4 0.421094 0.414844 0.073438 0.051562
5 0.845313 0.183594 0.306250 0.248438
5 0.260156 0.277344 0.076563 0.057813
5 0.667969 0.334375 0.092188 0.078125
5 0.614062 0.399219 0.084375 0.089063
5 0.051562 0.452344 0.103125 0.129688
5 0.198437 0.446094 0.112500 0.101562
5 0.377344 0.415625 0.067187 0.028125
6 0.648438 0.589844 0.059375 0.023438
