0 0.603906 0.481250 0.014063 0.031250
0 0.172656 0.507812 0.014063 0.043750
2 0.546875 0.617188 0.559375 0.325000
5 0.974219 0.138281 0.048438 0.110937
5 0.083594 0.180469 0.039062 0.092188
5 0.872656 0.201563 0.064062 0.084375
5 0.096875 0.338281 0.065625 0.182812
5 0.022656 0.434375 0.045312 0.068750
5 0.253125 0.433594 0.009375 0.042188
5 0.888281 0.446094 0.070312 0.060937
5 0.713281 0.444531 0.032813 0.029687
5 0.599219 0.475781 0.073438 0.032813
5 0.086719 0.529687 0.023438 0.040625
7 0.913281 0.519531 0.020313 0.054688
8 0.254688 0.528125 0.109375 0.034375
8 0.165625 0.540625 0.056250 0.018750
8 0.882812 0.613281 0.121875 0.092188
