0 0.879687 0.605469 0.090625 0.220312
0 0.757812 0.534375 0.012500 0.062500
2 0.707031 0.521094 0.026562 0.014063
2 0.140625 0.559375 0.156250 0.087500
2 0.623437 0.578906 0.159375 0.126562
2 0.254688 0.560937 0.062500 0.075000
2 0.932031 0.581250 0.042188 0.062500
4 0.860938 0.417969 0.275000 0.532813
4 0.138281 0.454688 0.276562 0.312500
4 0.432812 0.492188 0.128125 0.156250
5 0.396094 0.167969 0.032813 0.026562
5 0.164844 0.529687 0.039062 0.103125
5 0.739844 0.492969 0.029687 0.007812
6 0.567187 0.894531 0.209375 0.073438
7 0.494531 0.534375 0.060937 0.025000
