0 0.257031 0.403906 0.035937 0.214062
0 0.125000 0.403125 0.087500 0.203125
0 0.400000 0.327344 0.009375 0.039062
0 0.069531 0.447656 0.054688 0.260937
0 0.680469 0.357812 0.060937 0.078125
1 0.500781 0.724219 0.045312 0.335938
2 0.557031 0.346094 0.148438 0.232813
2 0.417187 0.323437 0.075000 0.065625
4 0.923438 0.314063 0.150000 0.062500
5 0.143750 0.082812 0.040625 0.090625
5 0.773438 0.221875 0.128125 0.118750
5 0.676562 0.250781 0.103125 0.070312
5 0.401562 0.277344 0.021875 0.026562
5 0.721094 0.361719 0.092188 0.045312
5 0.185938 0.396875 0.031250 0.068750
6 0.350000 0.657031 0.034375 0.020313
6 0.319531 0.736719 0.042188 0.026562
