0 0.839844 0.550000 0.057813 0.234375
0 0.536719 0.501563 0.007812 0.050000
2 0.927344 0.539844 0.142187 0.182812
2 0.138281 0.551562 0.239063 0.140625
2 0.339844 0.510938 0.142187 0.046875
2 0.779687 0.553906 0.100000 0.132812
2 0.453906 0.544531 0.082812 0.107813
3 0.504687 0.523438 0.025000 0.059375
3 0.261719 0.540625 0.026562 0.065625
4 0.940625 0.060937 0.115625 0.121875
4 0.571875 0.534375 0.018750 0.021875
4 0.009375 0.560937 0.018750 0.031250
5 0.623437 0.372656 0.109375 0.098437
5 0.766406 0.345313 0.170313 0.043750
5 0.935937 0.349219 0.059375 0.042188
6 0.502344 0.632812 0.085938 0.031250
