0 0.829688 0.666406 0.031250 0.139063
0 0.093750 0.689063 0.059375 0.168750
0 0.602344 0.630469 0.026562 0.032813
0 0.472656 0.629687 0.007812 0.025000
1 0.818750 0.682031 0.103125 0.076563
2 0.855469 0.619531 0.282813 0.126562
2 0.664844 0.632812 0.082812 0.075000
2 0.126562 0.633594 0.125000 0.073438
2 0.451562 0.667188 0.231250 0.140625
3 0.964063 0.699219 0.068750 0.182812
3 0.583594 0.638281 0.010937 0.032813
3 0.297656 0.652344 0.020313 0.048438
3 0.137500 0.681250 0.059375 0.103125
4 0.815625 0.097656 0.365625 0.195312
4 0.397656 0.235156 0.060937 0.029687
4 0.988281 0.550000 0.020313 0.009375
5 0.749219 0.550000 0.014063 0.018750
5 0.917188 0.568750 0.021875 0.009375
5 0.197656 0.592187 0.129688 0.015625
5 0.076563 0.596094 0.009375 0.010937
7 0.758594 0.648438 0.117188 0.115625
7 0.220312 0.665625 0.093750 0.112500
7 0.616406 0.629687 0.023438 0.034375
7 0.042969 0.728125 0.029687 0.100000
