2 0.126562 0.787500 0.253125 0.421875
2 0.470313 0.660156 0.368750 0.135937
2 0.189062 0.614844 0.078125 0.032813
2 0.667188 0.618750 0.006250 0.025000
4 0.953906 0.184375 0.089063 0.368750
4 0.144531 0.368750 0.289062 0.509375
4 0.968750 0.548438 0.059375 0.209375
4 0.399219 0.532031 0.220312 0.167187
5 0.296875 0.491406 0.012500 0.035937
5 0.596094 0.540625 0.092188 0.109375
5 0.716406 0.503125 0.029687 0.034375
5 0.896875 0.577344 0.012500 0.010937
5 0.638281 0.617188 0.014063 0.018750
6 0.580469 0.751563 0.064062 0.012500
6 0.411719 0.905469 0.101562 0.035937
