0 0.134375 0.580469 0.153125 0.101562
0 0.011719 0.597656 0.023438 0.117188
0 0.575781 0.580469 0.114062 0.073438
0 0.392188 0.573438 0.009375 0.018750
1 0.156250 0.610156 0.028125 0.042188
2 0.960938 0.577344 0.053125 0.045312
2 0.211719 0.593750 0.129688 0.059375
2 0.305469 0.597656 0.026562 0.048438
2 0.079687 0.614844 0.059375 0.064062
2 0.024219 0.723437 0.048438 0.137500
3 0.928125 0.585156 0.025000 0.035937
3 0.646094 0.589844 0.004687 0.042188
3 0.112500 0.607812 0.012500 0.034375
4 0.843750 0.357812 0.309375 0.478125
5 0.018750 0.401562 0.037500 0.059375
5 0.799219 0.512500 0.020313 0.050000
5 0.428125 0.529687 0.009375 0.015625
