0 0.758594 0.547656 0.089063 0.154688
0 0.456250 0.539844 0.056250 0.098437
0 0.635156 0.589063 0.104688 0.128125
0 0.341406 0.553906 0.029687 0.054688
2 0.707031 0.519531 0.170313 0.095312
2 0.800781 0.487500 0.014063 0.028125
2 0.399219 0.507812 0.057813 0.040625
2 0.557031 0.536719 0.054688 0.064062
3 0.567187 0.553125 0.031250 0.053125
3 0.875781 0.555469 0.051562 0.051562
4 0.046094 0.367188 0.092188 0.334375
6 0.451562 0.655469 0.025000 0.007812
6 0.056250 0.744531 0.053125 0.017188
6 0.734375 0.805469 0.075000 0.029687
6 0.575000 0.841406 0.071875 0.032813
