0 0.833594 0.647656 0.085938 0.107813
0 0.950781 0.668750 0.039062 0.121875
0 0.112500 0.662500 0.100000 0.106250
0 0.612500 0.646094 0.056250 0.073438
0 0.770312 0.645312 0.028125 0.068750
0 0.267188 0.654687 0.068750 0.068750
0 0.460156 0.637500 0.007812 0.034375
2 0.682031 0.661719 0.110937 0.114062
2 0.455469 0.635156 0.073438 0.045312
2 0.319531 0.649219 0.089063 0.039062
3 0.382031 0.648438 0.007812 0.021875
4 0.228125 0.233594 0.093750 0.120313
4 0.560156 0.546094 0.048438 0.073438
5 0.843750 0.539844 0.056250 0.064062
5 0.173437 0.549219 0.156250 0.064062
5 0.735156 0.553906 0.032813 0.060937
5 0.250000 0.629687 0.012500 0.018750
5 0.836719 0.669531 0.017188 0.035937
7 0.425781 0.636719 0.064062 0.032813
