0 0.550781 0.479687 0.085938 0.115625
1 0.567969 0.466406 0.007812 0.029687
1 0.465625 0.495312 0.031250 0.046875
1 0.946875 0.539062 0.103125 0.118750
2 0.012500 0.454688 0.025000 0.109375
2 0.417187 0.439063 0.118750 0.031250
2 0.289844 0.495312 0.157812 0.125000
3 0.221094 0.437500 0.010937 0.015625
4 0.310156 0.378125 0.210938 0.109375
4 0.125000 0.432031 0.040625 0.032813
4 0.757812 0.527344 0.171875 0.107813
5 0.699219 0.346875 0.032813 0.059375
5 0.014063 0.347656 0.028125 0.023438
5 0.574219 0.410938 0.067187 0.125000
5 0.138281 0.410938 0.010937 0.021875
5 0.676562 0.485938 0.025000 0.090625
6 0.660156 0.561719 0.057813 0.026562
6 0.280469 0.960156 0.085938 0.051562
