0 0.219531 0.711719 0.035937 0.067187
0 0.483594 0.734375 0.010937 0.034375
2 0.401562 0.714844 0.071875 0.057813
2 0.770312 0.822656 0.100000 0.123438
2 0.875000 0.815625 0.065625 0.071875
3 0.989844 0.867188 0.017188 0.037500
4 0.882031 0.275000 0.232813 0.196875
4 0.910156 0.683594 0.176563 0.260937
4 0.119531 0.621875 0.051562 0.025000
5 0.416406 0.555469 0.098437 0.051562
5 0.285938 0.654687 0.115625 0.034375
5 0.446094 0.678125 0.192188 0.053125
5 0.596875 0.698438 0.093750 0.090625
5 0.714063 0.728906 0.084375 0.054688
5 0.973437 0.717969 0.034375 0.017188
5 0.856250 0.735938 0.012500 0.028125
8 0.375781 0.800000 0.717187 0.075000
8 0.560937 0.805469 0.315625 0.039062
8 0.213281 0.844531 0.120313 0.026562
