0 0.050781 0.499219 0.067187 0.139063
0 0.760156 0.542969 0.085938 0.148438
0 0.191406 0.507812 0.042188 0.071875
0 0.841406 0.550781 0.026562 0.132812
0 0.498437 0.525000 0.018750 0.062500
0 0.594531 0.527344 0.010937 0.067187
1 0.753906 0.554688 0.017188 0.028125
2 0.425000 0.517188 0.125000 0.078125
3 0.821875 0.539062 0.043750 0.081250
4 0.356250 0.442969 0.006250 0.023438
5 0.721875 0.267969 0.112500 0.135937
5 0.068750 0.320312 0.021875 0.015625
5 0.243750 0.426563 0.021875 0.025000
5 0.144531 0.504687 0.023438 0.081250
5 0.701562 0.507812 0.025000 0.050000
5 0.823438 0.720313 0.034375 0.453125
6 0.455469 0.636719 0.051562 0.007812
