0 0.789844 0.646875 0.076563 0.059375
0 0.698438 0.649219 0.068750 0.054688
2 0.417187 0.655469 0.212500 0.060937
4 0.786719 0.514844 0.079687 0.189062
4 0.132812 0.553125 0.250000 0.231250
5 0.907813 0.110937 0.181250 0.221875
5 0.966406 0.494531 0.064062 0.542188
5 0.588281 0.580469 0.064062 0.085938
5 0.845313 0.585156 0.153125 0.045312
5 0.100000 0.626563 0.087500 0.121875
5 0.690625 0.596094 0.093750 0.051562
6 0.627344 0.836719 0.054688 0.010937
6 0.300000 0.859375 0.093750 0.018750
7 0.814063 0.689063 0.025000 0.065625
