2 0.498437 0.630469 0.021875 0.057813
2 0.911719 0.614062 0.014063 0.018750
2 0.708594 0.622656 0.076563 0.032813
2 0.175000 0.667969 0.046875 0.023438
4 0.951562 0.310937 0.093750 0.621875
4 0.616406 0.550781 0.085938 0.189062
4 0.528906 0.563281 0.082812 0.176563
4 0.796094 0.557813 0.042188 0.068750
4 0.700781 0.584375 0.076563 0.106250
5 0.485938 0.203125 0.046875 0.056250
5 0.861719 0.353906 0.014063 0.017188
5 0.239844 0.448437 0.023438 0.087500
5 0.427344 0.536719 0.067187 0.032813
5 0.724219 0.550781 0.039062 0.020313
6 0.846875 0.688281 0.018750 0.007812
