2 0.303906 0.585156 0.057813 0.017188
2 0.142187 0.596875 0.109375 0.028125
2 0.598437 0.602344 0.118750 0.023438
2 0.732031 0.617969 0.142187 0.048438
2 0.045312 0.641406 0.090625 0.082812
4 0.855469 0.595313 0.285938 0.212500
4 0.372656 0.547656 0.076563 0.114062
4 0.070312 0.557813 0.140625 0.075000
5 0.665625 0.395313 0.190625 0.103125
5 0.967969 0.497656 0.045312 0.089063
5 0.742969 0.542969 0.039062 0.023438
5 0.260156 0.558594 0.029687 0.014063
8 0.585156 0.724219 0.826562 0.276562
8 0.164062 0.707812 0.328125 0.237500
8 0.398438 0.717187 0.065625 0.187500
