0 0.378906 0.590625 0.098437 0.190625
0 0.956250 0.545312 0.068750 0.093750
0 0.681250 0.536719 0.090625 0.039062
0 0.800781 0.530469 0.007812 0.023438
1 0.309375 0.553125 0.028125 0.037500
1 0.841406 0.571875 0.073438 0.068750
1 0.527344 0.649219 0.070312 0.204687
2 0.465625 0.548438 0.131250 0.112500
2 0.686719 0.548438 0.276562 0.096875
2 0.930469 0.636719 0.135937 0.245312
3 0.898438 0.578906 0.056250 0.070312
4 0.903125 0.450781 0.096875 0.085938
4 0.479687 0.476562 0.006250 0.028125
5 0.515625 0.366406 0.021875 0.032813
5 0.966406 0.434375 0.064062 0.040625
5 0.747656 0.449219 0.179688 0.057813
5 0.343750 0.485156 0.028125 0.023438
5 0.485156 0.591406 0.042188 0.098437
6 0.653125 0.639062 0.050000 0.006250
7 0.332031 0.531250 0.007812 0.025000
