1 0.794531 0.654687 0.110937 0.178125
2 0.246875 0.526563 0.118750 0.093750
2 0.403906 0.556250 0.185938 0.134375
2 0.877344 0.562500 0.242188 0.065625
2 0.936719 0.854688 0.123438 0.287500
4 0.096875 0.248438 0.193750 0.496875
4 0.278125 0.373437 0.184375 0.318750
4 0.450781 0.435937 0.170313 0.175000
5 0.614844 0.300000 0.054688 0.009375
5 0.157812 0.503125 0.012500 0.056250
5 0.033594 0.494531 0.057813 0.032813
5 0.874219 0.499219 0.014063 0.007812
5 0.982812 0.502344 0.018750 0.010937
6 0.217969 0.610938 0.129688 0.034375
6 0.007812 0.670312 0.015625 0.012500
6 0.927344 0.733594 0.029687 0.010937
6 0.741406 0.815625 0.139063 0.075000
