0 0.320312 0.535156 0.096875 0.107813
0 0.005469 0.535937 0.010937 0.100000
0 0.445312 0.538281 0.046875 0.104688
0 0.712500 0.523438 0.009375 0.037500
2 0.134375 0.485156 0.090625 0.045312
2 0.263281 0.497656 0.160938 0.042188
2 0.555469 0.582031 0.251563 0.210938
2 0.859375 0.609375 0.278125 0.225000
3 0.733594 0.526563 0.014063 0.028125
4 0.053906 0.413281 0.107813 0.476562
4 0.095312 0.410156 0.006250 0.045312
5 0.098437 0.326562 0.106250 0.109375
5 0.984375 0.410938 0.028125 0.121875
7 0.160938 0.527344 0.025000 0.039062
