0 0.085156 0.585938 0.064062 0.046875
0 0.185156 0.590625 0.010937 0.034375
0 0.801562 0.649219 0.056250 0.064062
2 0.437500 0.673438 0.303125 0.221875
2 0.692187 0.646875 0.137500 0.100000
2 0.905469 0.721094 0.185938 0.226562
3 0.610156 0.687500 0.051562 0.103125
4 0.050781 0.031250 0.101562 0.062500
4 0.060937 0.204687 0.121875 0.221875
4 0.043750 0.461719 0.087500 0.295312
4 0.600781 0.503125 0.170313 0.215625
4 0.901563 0.585156 0.193750 0.089063
5 0.750781 0.504687 0.035937 0.034375
5 0.689844 0.585156 0.064062 0.098437
5 0.983594 0.653906 0.029687 0.048438
8 0.313281 0.748437 0.070312 0.112500
8 0.127344 0.902344 0.254688 0.192188
