0 0.187500 0.577344 0.012500 0.029687
0 0.304688 0.579688 0.009375 0.031250
1 0.053125 0.623437 0.106250 0.134375
1 0.155469 0.620313 0.123438 0.093750
1 0.319531 0.590625 0.010937 0.021875
2 0.400781 0.584375 0.020313 0.018750
4 0.075000 0.075000 0.150000 0.150000
4 0.167187 0.371094 0.334375 0.539062
4 0.943750 0.477344 0.109375 0.214062
4 0.716406 0.444531 0.026562 0.026562
4 0.521875 0.557813 0.025000 0.053125
4 0.885156 0.651563 0.226562 0.100000
5 0.317188 0.325781 0.090625 0.170313
5 0.893750 0.390625 0.075000 0.112500
5 0.276562 0.395313 0.015625 0.040625
5 0.816406 0.499219 0.064062 0.151562
5 0.058594 0.520312 0.107813 0.062500
5 0.171094 0.542188 0.107813 0.093750
5 0.246094 0.521094 0.026562 0.026562
5 0.876563 0.590625 0.081250 0.068750
5 0.936719 0.579688 0.007812 0.043750
