0 0.743750 0.702344 0.025000 0.085938
0 0.636719 0.696094 0.070312 0.064062
0 0.542188 0.692969 0.006250 0.023438
2 0.323437 0.692969 0.093750 0.042188
2 0.101562 0.710156 0.203125 0.070312
2 0.489063 0.696094 0.065625 0.029687
3 0.661719 0.715625 0.098437 0.087500
3 0.856250 0.754687 0.103125 0.153125
3 0.989844 0.790625 0.017188 0.106250
4 0.336719 0.625000 0.264062 0.171875
4 0.285156 0.647656 0.017188 0.054688
5 0.296094 0.636719 0.020313 0.017188
5 0.583594 0.671875 0.064062 0.056250
5 0.642969 0.668750 0.017188 0.025000
7 0.596875 0.695312 0.009375 0.028125
8 0.138281 0.741406 0.276562 0.054688
