0 0.332813 0.829688 0.175000 0.337500
0 0.666406 0.792188 0.217188 0.231250
0 0.808594 0.728906 0.035937 0.095312
0 0.150000 0.714063 0.025000 0.053125
0 0.011719 0.742188 0.023438 0.103125
0 0.488281 0.705469 0.007812 0.029687
0 0.982031 0.848437 0.032813 0.300000
4 0.924219 0.425000 0.148438 0.337500
4 0.798438 0.560156 0.128125 0.251563
5 0.121875 0.564063 0.243750 0.178125
5 0.840625 0.528125 0.028125 0.084375
5 0.650781 0.614844 0.107813 0.117188
5 0.316406 0.595313 0.020313 0.021875
5 0.055469 0.674219 0.070312 0.117188
5 0.480469 0.664062 0.085938 0.096875
5 0.124219 0.678906 0.042188 0.098437
5 0.964844 0.692969 0.067187 0.120313
5 0.235937 0.670312 0.015625 0.065625
5 0.755469 0.678125 0.092188 0.068750
5 0.701562 0.680469 0.043750 0.014063
6 0.492969 0.830469 0.042188 0.014063
7 0.235937 0.709375 0.009375 0.025000
7 0.936719 0.732812 0.017188 0.050000
