1 0.207813 0.499219 0.025000 0.023438
2 0.990625 0.444531 0.015625 0.017188
2 0.364844 0.489844 0.092188 0.042188
4 0.732812 0.408594 0.309375 0.132812
4 0.807031 0.385156 0.029687 0.076563
4 0.256250 0.458594 0.071875 0.076563
4 0.123438 0.514062 0.050000 0.012500
5 0.138281 0.186719 0.092188 0.126562
5 0.770312 0.334375 0.056250 0.259375
5 0.038281 0.321094 0.026562 0.032813
5 0.421875 0.392188 0.009375 0.018750
5 0.035156 0.457031 0.070312 0.076563
5 0.201563 0.452344 0.068750 0.060937
5 0.139844 0.496875 0.023438 0.015625
6 0.657813 0.532813 0.037500 0.003125
