0 0.351562 0.646094 0.018750 0.104688
0 0.614844 0.634375 0.064062 0.075000
0 0.096875 0.610156 0.012500 0.017188
0 0.702344 0.615625 0.029687 0.025000
0 0.457031 0.643750 0.026562 0.078125
2 0.523438 0.629687 0.112500 0.056250
2 0.128125 0.608594 0.012500 0.010937
2 0.399219 0.623437 0.085938 0.040625
2 0.852344 0.615625 0.057813 0.015625
2 0.034375 0.639062 0.068750 0.056250
3 0.619531 0.647656 0.076563 0.029687
4 0.870313 0.360938 0.256250 0.109375
4 0.393750 0.496094 0.381250 0.298438
4 0.034375 0.575000 0.068750 0.096875
4 0.435937 0.598437 0.009375 0.028125
5 0.149219 0.435156 0.067187 0.070312
5 0.739844 0.432812 0.242188 0.059375
5 0.609375 0.459375 0.009375 0.018750
5 0.951562 0.561719 0.093750 0.207813
5 0.842969 0.582031 0.039062 0.051562
6 0.639844 0.767188 0.039062 0.012500
8 0.825000 0.667188 0.112500 0.050000
