2 0.203906 0.735938 0.042188 0.025000
2 0.589063 0.778906 0.200000 0.098437
2 0.368750 0.755469 0.115625 0.042188
2 0.788281 0.748437 0.045312 0.028125
4 0.611719 0.667188 0.135937 0.184375
4 0.807031 0.745313 0.107813 0.065625
4 0.519531 0.725781 0.007812 0.014063
5 0.884375 0.696875 0.156250 0.209375
5 0.711719 0.659375 0.189062 0.106250
5 0.333594 0.701562 0.057813 0.071875
5 0.589844 0.714844 0.014063 0.042188
5 0.971094 0.774219 0.054688 0.151562
8 0.219531 0.891406 0.439063 0.214062
8 0.685156 0.921875 0.170313 0.153125
