0 0.181250 0.609375 0.078125 0.325000
0 0.671875 0.588281 0.087500 0.217188
0 0.725781 0.554688 0.026562 0.084375
0 0.418750 0.574219 0.012500 0.051562
0 0.502344 0.575000 0.004687 0.037500
1 0.809375 0.548438 0.050000 0.056250
1 0.934375 0.826562 0.128125 0.343750
1 0.824219 0.835156 0.048438 0.282813
2 0.094531 0.571875 0.114062 0.100000
2 0.339062 0.573438 0.025000 0.028125
4 0.406250 0.525781 0.068750 0.104688
5 0.732031 0.509375 0.104688 0.131250
5 0.627344 0.510156 0.098437 0.129688
5 0.845313 0.459375 0.018750 0.028125
5 0.796875 0.678906 0.065625 0.110937
7 0.784375 0.618750 0.040625 0.009375
7 0.793750 0.741406 0.037500 0.020313
