0 0.596875 0.727344 0.021875 0.039062
2 0.742188 0.746875 0.134375 0.156250
2 0.133594 0.743750 0.210938 0.062500
2 0.473438 0.734375 0.012500 0.015625
2 0.259375 0.743750 0.021875 0.025000
3 0.412500 0.750000 0.053125 0.025000
4 0.043750 0.495312 0.087500 0.568750
4 0.636719 0.587500 0.139063 0.200000
4 0.546875 0.656250 0.034375 0.081250
4 0.003906 0.755469 0.007812 0.029687
5 0.926562 0.572656 0.125000 0.082812
5 0.767969 0.621875 0.123438 0.100000
5 0.632812 0.651563 0.009375 0.034375
5 0.546875 0.720313 0.018750 0.046875
