0 0.736719 0.628906 0.014063 0.051562
2 0.558594 0.642188 0.101562 0.090625
2 0.935937 0.639062 0.043750 0.059375
2 0.075781 0.633594 0.014063 0.020313
3 0.839844 0.625000 0.123438 0.046875
4 0.561719 0.324219 0.254688 0.648438
4 0.699219 0.257031 0.020313 0.104688
4 0.192188 0.539844 0.146875 0.179688
4 0.350781 0.525000 0.160938 0.131250
5 0.703125 0.323437 0.050000 0.037500
5 0.975781 0.550000 0.045312 0.025000
6 0.700000 0.750781 0.034375 0.007812
7 0.974219 0.628906 0.048438 0.079687
7 0.769531 0.629687 0.010937 0.028125
7 0.683594 0.700781 0.042188 0.089063
