0 0.880469 0.705469 0.064062 0.117188
0 0.142969 0.710156 0.032813 0.089063
0 0.375000 0.684375 0.006250 0.021875
0 0.607031 0.721094 0.048438 0.073438
0 0.287500 0.728125 0.025000 0.050000
2 0.496094 0.727344 0.176563 0.139063
2 0.853125 0.715625 0.150000 0.071875
2 0.015625 0.768750 0.031250 0.100000
2 0.119531 0.740625 0.023438 0.025000
3 0.054688 0.733594 0.109375 0.123438
3 0.178125 0.738281 0.025000 0.029687
4 0.138281 0.275000 0.276562 0.550000
4 0.136719 0.331250 0.120313 0.309375
4 0.525781 0.607031 0.076563 0.110937
5 0.331250 0.675000 0.053125 0.056250
5 0.839063 0.664844 0.006250 0.020313
7 0.828125 0.746875 0.065625 0.103125
