0 0.953906 0.447656 0.020313 0.023438
0 0.124219 0.520312 0.101562 0.053125
0 0.199219 0.527344 0.029687 0.032813
2 0.742969 0.547656 0.392188 0.179688
2 0.482031 0.558594 0.079687 0.120313
2 0.182031 0.580469 0.070312 0.101562
2 0.889062 0.799219 0.218750 0.398438
2 0.001563 0.636719 0.003125 0.042188
2 0.057031 0.886719 0.114062 0.223438
3 0.537500 0.624219 0.046875 0.095312
4 0.690625 0.455469 0.043750 0.060937
4 0.932031 0.550781 0.132812 0.110937
4 0.623437 0.545312 0.046875 0.031250
5 0.110937 0.228125 0.221875 0.456250
5 0.257812 0.264062 0.140625 0.262500
5 0.109375 0.449219 0.212500 0.176563
5 0.579688 0.475781 0.012500 0.023438
5 0.009375 0.514844 0.018750 0.042188
