0 0.950781 0.650000 0.020313 0.025000
0 0.810156 0.803125 0.076563 0.096875
2 0.846875 0.807031 0.303125 0.382812
2 0.522656 0.679688 0.276562 0.109375
2 0.192969 0.653125 0.104688 0.043750
2 0.076563 0.703125 0.153125 0.134375
4 0.805469 0.535156 0.220312 0.164062
4 0.263281 0.581250 0.245312 0.121875
4 0.069531 0.585938 0.139063 0.112500
5 0.085156 0.582812 0.060937 0.118750
5 0.211719 0.612500 0.032813 0.043750
5 0.675000 0.625781 0.018750 0.057813
5 0.586719 0.616406 0.010937 0.020313
8 0.166406 0.853125 0.332813 0.290625
