0 0.563281 0.511719 0.032813 0.067187
0 0.294531 0.585156 0.054688 0.142187
0 0.210156 0.607812 0.101562 0.162500
0 0.136719 0.622656 0.032813 0.164062
1 0.928125 0.607812 0.046875 0.131250
2 0.483594 0.518750 0.132812 0.078125
2 0.653906 0.524219 0.123438 0.085938
2 0.083594 0.828906 0.167187 0.339062
4 0.472656 0.429688 0.107813 0.143750
5 0.885938 0.204687 0.225000 0.281250
5 0.228906 0.332813 0.007812 0.071875
5 0.692969 0.461719 0.145313 0.120313
5 0.585156 0.451562 0.060937 0.081250
5 0.313281 0.525781 0.029687 0.039062
6 0.885938 0.757031 0.225000 0.154688
7 0.762500 0.552344 0.046875 0.082812
