0 0.957031 0.675781 0.082812 0.410938
0 0.098437 0.592969 0.196875 0.232813
0 0.342187 0.583594 0.075000 0.210938
0 0.836719 0.543750 0.054688 0.100000
0 0.589063 0.514062 0.009375 0.031250
0 0.242969 0.597656 0.042188 0.120313
0 0.064062 0.721094 0.128125 0.329688
2 0.046094 0.564063 0.092188 0.140625
2 0.465625 0.538281 0.140625 0.070312
2 0.650781 0.546094 0.139063 0.070312
4 0.510938 0.308594 0.312500 0.417187
5 0.922656 0.370312 0.151562 0.118750
5 0.184375 0.490625 0.106250 0.153125
5 0.821875 0.433594 0.046875 0.010937
5 0.392188 0.530469 0.021875 0.020313
6 0.496094 0.557813 0.032813 0.006250
6 0.794531 0.623437 0.117188 0.028125
6 0.372656 0.891406 0.232813 0.114062
6 0.081250 0.957812 0.162500 0.081250
7 0.577344 0.528125 0.007812 0.034375
7 0.879687 0.824219 0.134375 0.348438
