0 0.832031 0.617188 0.126562 0.137500
0 0.676562 0.626563 0.143750 0.131250
0 0.571875 0.629687 0.025000 0.118750
0 0.092188 0.779687 0.134375 0.412500
0 0.225781 0.713281 0.073438 0.242188
1 0.324219 0.707031 0.160938 0.145313
2 0.214844 0.573438 0.045312 0.021875
4 0.382031 0.489844 0.085938 0.082812
4 0.775781 0.517969 0.023438 0.060937
5 0.338281 0.042188 0.073438 0.034375
5 0.809375 0.217188 0.053125 0.203125
5 0.457031 0.137500 0.042188 0.018750
5 0.308594 0.299219 0.067187 0.157812
5 0.132812 0.391406 0.140625 0.170313
5 0.241406 0.409375 0.054688 0.193750
5 0.823438 0.421875 0.081250 0.121875
5 0.243750 0.421094 0.025000 0.010937
5 0.781250 0.506250 0.012500 0.015625
5 0.593750 0.557813 0.046875 0.065625
5 0.082031 0.539062 0.026562 0.012500
6 0.572656 0.707812 0.057813 0.009375
6 0.755469 0.846094 0.082812 0.039062
