0 0.315625 0.617969 0.065625 0.051562
0 0.453125 0.625781 0.006250 0.051562
0 0.772656 0.650000 0.120313 0.062500
1 0.017969 0.554688 0.035937 0.009375
1 0.442188 0.641406 0.012500 0.020313
1 0.042969 0.771875 0.085938 0.184375
2 0.890625 0.766406 0.215625 0.464062
2 0.521875 0.658594 0.140625 0.164062
2 0.653906 0.665625 0.073438 0.134375
3 0.767969 0.653125 0.045312 0.034375
3 0.613281 0.705469 0.032813 0.098437
4 0.381250 0.472656 0.046875 0.085938
4 0.334375 0.539062 0.106250 0.159375
5 0.882031 0.473438 0.064062 0.093750
5 0.859375 0.535156 0.015625 0.023438
