0 0.653125 0.442188 0.034375 0.031250
0 0.389062 0.469531 0.071875 0.073438
0 0.845313 0.496094 0.065625 0.073438
0 0.309375 0.514844 0.050000 0.079687
1 0.255469 0.697656 0.060937 0.135937
2 0.515625 0.500781 0.187500 0.157812
2 0.726562 0.553125 0.196875 0.215625
2 0.933594 0.592969 0.129688 0.214062
4 0.507031 0.404687 0.020313 0.021875
5 0.414844 0.375000 0.151562 0.103125
5 0.799219 0.383594 0.082812 0.104688
5 0.089063 0.375000 0.178125 0.056250
5 0.669531 0.396094 0.026562 0.054688
5 0.302344 0.411719 0.076563 0.057813
5 0.360938 0.525781 0.062500 0.073438
6 0.520312 0.651563 0.037500 0.025000
6 0.871875 0.659375 0.059375 0.021875
7 0.849219 0.524219 0.017188 0.051562
