0 0.332031 0.397656 0.085938 0.045312
0 0.564063 0.413281 0.043750 0.073438
0 0.717187 0.417969 0.046875 0.073438
0 0.238281 0.484375 0.092188 0.187500
0 0.974219 0.427344 0.014063 0.045312
0 0.157031 0.527344 0.035937 0.126562
0 0.072656 0.535937 0.032813 0.115625
0 0.007812 0.942187 0.015625 0.112500
1 0.342969 0.461719 0.007812 0.032813
1 0.217969 0.868750 0.064062 0.259375
2 0.550000 0.391406 0.093750 0.039062
2 0.678906 0.414062 0.079687 0.050000
2 0.492969 0.485938 0.070312 0.084375
4 0.206250 0.233594 0.412500 0.467187
4 0.902344 0.273438 0.192188 0.321875
4 0.623437 0.319531 0.125000 0.092188
5 0.150000 0.440625 0.084375 0.153125
5 0.982812 0.396875 0.031250 0.043750
5 0.082812 0.400781 0.009375 0.020313
6 0.936719 0.603906 0.048438 0.010937
6 0.775781 0.723437 0.054688 0.018750
7 0.392969 0.400781 0.007812 0.026562
7 0.678906 0.424219 0.007812 0.032813
7 0.116406 0.533594 0.026562 0.082812
