0 0.560156 0.527344 0.023438 0.060937
2 0.403906 0.528906 0.170313 0.048438
2 0.710156 0.511719 0.017188 0.007812
4 0.186719 0.267969 0.373437 0.473438
4 0.447656 0.306250 0.310937 0.443750
4 0.936719 0.309375 0.123438 0.284375
4 0.045312 0.473438 0.090625 0.146875
4 0.504687 0.552344 0.009375 0.020313
5 0.140625 0.492188 0.043750 0.128125
5 0.455469 0.489063 0.145313 0.103125
5 0.278125 0.484375 0.028125 0.087500
5 0.699219 0.506250 0.010937 0.034375
5 0.537500 0.509375 0.009375 0.021875
7 0.708594 0.520312 0.020313 0.009375
