0 0.103125 0.686719 0.050000 0.076563
0 0.238281 0.675000 0.017188 0.043750
2 0.342969 0.707031 0.098437 0.098437
2 0.504687 0.683594 0.093750 0.048438
2 0.632031 0.693750 0.114062 0.053125
4 0.692969 0.564063 0.292187 0.368750
4 0.410156 0.565625 0.273438 0.206250
4 0.791406 0.571094 0.026562 0.098437
5 0.123438 0.495312 0.115625 0.171875
5 0.929688 0.550781 0.031250 0.057813
5 0.178125 0.603125 0.021875 0.018750
6 0.408594 0.764062 0.042188 0.009375
6 0.142969 0.795312 0.039062 0.006250
6 0.696875 0.911719 0.059375 0.010937
7 0.197656 0.696094 0.007812 0.035937
