2 0.437500 0.829688 0.168750 0.178125
2 0.212500 0.794531 0.150000 0.057813
2 0.962500 0.812500 0.071875 0.021875
4 0.054688 0.626563 0.109375 0.256250
4 0.266406 0.739844 0.117188 0.079687
4 0.425781 0.751563 0.089063 0.075000
4 0.728125 0.789062 0.018750 0.021875
5 0.326562 0.509375 0.037500 0.015625
5 0.037500 0.692187 0.075000 0.084375
5 0.828125 0.753125 0.015625 0.046875
5 0.293750 0.771875 0.031250 0.025000
8 0.738281 0.854688 0.104688 0.006250
8 0.268750 0.912500 0.215625 0.109375
8 0.686719 0.937500 0.176563 0.121875
