0 0.360156 0.189062 0.010937 0.053125
0 0.572656 0.185156 0.082812 0.039062
0 0.771875 0.376563 0.062500 0.187500
2 0.559375 0.198437 0.084375 0.093750
2 0.707812 0.250000 0.090625 0.087500
2 0.135156 0.425781 0.270313 0.204687
4 0.399219 0.119531 0.026562 0.239063
4 0.621875 0.089063 0.234375 0.178125
4 0.253125 0.198437 0.018750 0.028125
5 0.416406 0.070312 0.067187 0.140625
5 0.230469 0.064844 0.007812 0.026562
5 0.335938 0.123438 0.043750 0.050000
5 0.409375 0.182812 0.012500 0.021875
5 0.115625 0.250781 0.034375 0.051562
6 0.768750 0.511719 0.037500 0.020313
7 0.296094 0.248438 0.023438 0.056250
