0 0.069531 0.650000 0.032813 0.090625
0 0.263281 0.639062 0.017188 0.059375
1 0.312500 0.637500 0.046875 0.021875
2 0.698438 0.633594 0.187500 0.139063
3 0.367969 0.632031 0.051562 0.026562
3 0.552344 0.628906 0.007812 0.020313
4 0.085938 0.403906 0.171875 0.182812
4 0.371094 0.591406 0.176563 0.245312
5 0.750000 0.506250 0.090625 0.109375
5 0.960156 0.514844 0.076563 0.101562
5 0.665625 0.533594 0.118750 0.110937
5 0.082812 0.555469 0.040625 0.073438
8 0.873437 0.629687 0.250000 0.143750
8 0.585156 0.620313 0.060937 0.028125
