0 0.385156 0.489844 0.029687 0.048438
2 0.675781 0.500781 0.298438 0.126562
2 0.292187 0.489063 0.021875 0.043750
2 0.455469 0.496094 0.032813 0.035937
2 0.929688 0.545312 0.137500 0.118750
4 0.416406 0.376563 0.120313 0.312500
4 0.615625 0.367188 0.071875 0.187500
5 0.304688 0.402344 0.190625 0.151562
5 0.080469 0.374219 0.101562 0.035937
5 0.990625 0.390625 0.015625 0.062500
5 0.849219 0.398438 0.123438 0.068750
5 0.703906 0.456250 0.073438 0.078125
5 0.423438 0.481250 0.009375 0.043750
5 0.553125 0.490625 0.006250 0.021875
6 0.437500 0.628125 0.059375 0.006250
