0 0.104688 0.614844 0.096875 0.035937
0 0.807031 0.646094 0.085938 0.085938
2 0.482812 0.750000 0.643750 0.350000
2 0.047656 0.650781 0.095312 0.082812
3 0.160938 0.634375 0.100000 0.037500
4 0.912500 0.159375 0.171875 0.318750
4 0.380469 0.550781 0.064062 0.092188
5 0.521094 0.460156 0.117188 0.154688
5 0.004687 0.537500 0.009375 0.021875
5 0.521875 0.557813 0.090625 0.025000
5 0.443750 0.565625 0.028125 0.006250
5 0.220312 0.586719 0.018750 0.039062
5 0.800781 0.626563 0.048438 0.090625
5 0.110156 0.607812 0.029687 0.050000
