0 0.815625 0.596094 0.062500 0.135937
0 0.667188 0.620313 0.087500 0.175000
0 0.451562 0.606250 0.050000 0.090625
0 0.039062 0.610156 0.009375 0.026562
2 0.351562 0.603906 0.071875 0.039062
2 0.164062 0.616406 0.056250 0.060937
2 0.025000 0.787500 0.050000 0.250000
3 0.114062 0.623437 0.043750 0.043750
3 0.008594 0.638281 0.017188 0.064062
5 0.474219 0.228906 0.098437 0.120313
5 0.431250 0.427344 0.046875 0.135937
5 0.392969 0.521094 0.023438 0.139063
5 0.328906 0.561719 0.014063 0.017188
6 0.343750 0.728125 0.096875 0.015625
7 0.414062 0.608594 0.015625 0.032813
