0 0.256250 0.727344 0.100000 0.048438
0 0.320312 0.732031 0.009375 0.039062
0 0.902344 0.775781 0.107813 0.048438
0 0.981250 0.778906 0.034375 0.048438
1 0.344531 0.745313 0.007812 0.031250
1 0.925000 0.787500 0.006250 0.021875
2 0.131250 0.794531 0.262500 0.407813
2 0.490625 0.741406 0.084375 0.135937
2 0.699219 0.778906 0.223438 0.167187
3 0.581250 0.749219 0.015625 0.054688
3 0.400781 0.817969 0.045312 0.085938
4 0.462500 0.677344 0.025000 0.042188
5 0.119531 0.391406 0.239063 0.170313
5 0.347656 0.592969 0.239063 0.198437
5 0.069531 0.560937 0.139063 0.121875
5 0.671094 0.620313 0.057813 0.146875
5 0.224219 0.607031 0.085938 0.101562
5 0.442188 0.676562 0.012500 0.034375
5 0.259375 0.685937 0.162500 0.043750
5 0.907031 0.726562 0.182812 0.090625
5 0.362500 0.719531 0.006250 0.020313
8 0.550781 0.745313 0.042188 0.015625
