0 0.619531 0.625781 0.007812 0.026562
2 0.022656 0.587500 0.045312 0.146875
2 0.376563 0.604688 0.131250 0.059375
2 0.475781 0.610156 0.060937 0.035937
2 0.586719 0.614062 0.014063 0.018750
2 0.758594 0.657031 0.167187 0.085938
4 0.227344 0.619531 0.370312 0.164062
4 0.576562 0.599219 0.081250 0.076563
5 0.307031 0.467969 0.167187 0.154688
5 0.892969 0.433594 0.089063 0.029687
5 0.502344 0.529687 0.101562 0.093750
5 0.755469 0.532813 0.010937 0.040625
5 0.283594 0.649219 0.123438 0.076563
6 0.825000 0.753125 0.034375 0.009375
