0 0.058594 0.748437 0.117188 0.156250
0 0.401562 0.701562 0.050000 0.028125
0 0.623437 0.707812 0.025000 0.034375
0 0.167969 0.749219 0.035937 0.114062
2 0.482031 0.700000 0.114062 0.037500
2 0.936719 0.751563 0.123438 0.065625
4 0.786719 0.599219 0.207813 0.292187
4 0.192188 0.539062 0.068750 0.081250
4 0.978125 0.620313 0.040625 0.100000
4 0.455469 0.641406 0.079687 0.104688
5 0.120313 0.550000 0.140625 0.190625
5 0.967187 0.528906 0.062500 0.089063
5 0.358594 0.577344 0.020313 0.032813
5 0.054688 0.636719 0.028125 0.014063
5 0.190625 0.672656 0.015625 0.014063
5 0.650781 0.700000 0.017188 0.034375
7 0.368750 0.710156 0.009375 0.014063
