0 0.497656 0.415625 0.170313 0.171875
0 0.925000 0.389062 0.031250 0.115625
1 0.249219 0.421875 0.020313 0.068750
2 0.368750 0.359375 0.212500 0.156250
2 0.214844 0.373437 0.085938 0.162500
2 0.923438 0.371094 0.150000 0.085938
2 0.738281 0.372656 0.192188 0.054688
2 0.517188 0.390625 0.034375 0.071875
4 0.063281 0.127344 0.126562 0.254688
4 0.410938 0.178906 0.193750 0.357812
5 0.900000 0.188281 0.009375 0.035937
5 0.107031 0.301563 0.214062 0.065625
5 0.400781 0.307812 0.004687 0.028125
6 0.357031 0.495312 0.032813 0.006250
