0 0.250781 0.571094 0.129688 0.279687
0 0.446875 0.552344 0.065625 0.235937
0 0.688281 0.551562 0.185938 0.218750
0 0.804688 0.483594 0.025000 0.051562
2 0.903125 0.502344 0.190625 0.095312
2 0.264062 0.803906 0.528125 0.389062
4 0.965625 0.341406 0.065625 0.235937
5 0.150000 0.142969 0.300000 0.089063
5 0.949219 0.243750 0.020313 0.121875
5 0.860156 0.407031 0.104688 0.073438
5 0.646094 0.416406 0.004687 0.020313
5 0.398438 0.509375 0.059375 0.137500
6 0.191406 0.664844 0.120313 0.054688
6 0.272656 0.681250 0.010937 0.018750
6 0.743750 0.767188 0.115625 0.040625
