0 0.651563 0.535937 0.081250 0.059375
0 0.742188 0.544531 0.015625 0.042188
0 0.476562 0.540625 0.012500 0.025000
0 0.292969 0.565625 0.073438 0.062500
0 0.946094 0.657031 0.104688 0.220312
0 0.180469 0.607031 0.054688 0.089063
0 0.900781 0.729688 0.017188 0.015625
2 0.581250 0.600000 0.309375 0.215625
2 0.250000 0.773438 0.500000 0.450000
2 0.796094 0.628906 0.123438 0.123438
3 0.064062 0.807813 0.128125 0.181250
4 0.413281 0.422656 0.273438 0.264062
5 0.960156 0.378906 0.060937 0.048438
5 0.900781 0.442188 0.135937 0.084375
5 0.128906 0.446094 0.257812 0.082812
5 0.714063 0.500781 0.234375 0.142187
5 0.868750 0.585156 0.018750 0.035937
5 0.150000 0.619531 0.012500 0.029687
7 0.835156 0.607031 0.014063 0.039062
