0 0.600781 0.739062 0.070312 0.053125
0 0.513281 0.730469 0.010937 0.023438
2 0.463281 0.763281 0.067187 0.101562
2 0.034375 0.869531 0.068750 0.257812
4 0.532031 0.635938 0.132812 0.187500
4 0.490625 0.707031 0.056250 0.070312
4 0.260156 0.741406 0.010937 0.054688
5 0.009375 0.496094 0.018750 0.082812
5 0.692187 0.640625 0.025000 0.084375
5 0.812500 0.714844 0.087500 0.067187
6 0.389844 0.814844 0.029687 0.004687
6 0.978906 0.910156 0.039062 0.029687
7 0.536719 0.732812 0.010937 0.025000
7 0.241406 0.767188 0.023438 0.037500
