0 0.742188 0.731250 0.106250 0.331250
0 0.984375 0.661719 0.028125 0.192188
0 0.856250 0.666406 0.015625 0.067187
0 0.669531 0.677344 0.057813 0.051562
0 0.547656 0.686719 0.017188 0.045312
0 0.171875 0.709375 0.071875 0.056250
0 0.300000 0.702344 0.046875 0.035937
2 0.494531 0.689844 0.073438 0.042188
2 0.333594 0.711719 0.035937 0.039062
4 0.942969 0.310156 0.110937 0.620313
4 0.657031 0.617969 0.042188 0.085938
5 0.632812 0.570312 0.018750 0.096875
5 0.132031 0.634375 0.245312 0.075000
5 0.557813 0.653125 0.021875 0.084375
5 0.320312 0.676562 0.075000 0.081250
7 0.963281 0.697656 0.035937 0.110937
