0 0.464844 0.529687 0.073438 0.109375
0 0.420312 0.546875 0.012500 0.062500
2 0.569531 0.485156 0.110937 0.101562
2 0.835938 0.489844 0.053125 0.045312
2 0.499219 0.517188 0.004687 0.028125
2 0.988281 0.573438 0.020313 0.071875
2 0.649219 0.598437 0.085938 0.084375
2 0.080469 0.623437 0.160938 0.093750
2 0.935937 0.839063 0.125000 0.200000
4 0.653906 0.446094 0.201563 0.179688
5 0.444531 0.443750 0.092188 0.143750
5 0.605469 0.408594 0.085938 0.023438
5 0.317969 0.407813 0.032813 0.009375
5 0.792969 0.475781 0.017188 0.029687
6 0.533594 0.664844 0.045312 0.073438
6 0.486719 0.767188 0.042188 0.012500
6 0.815625 0.785156 0.121875 0.048438
6 0.409375 0.882031 0.071875 0.035937
7 0.955469 0.509375 0.029687 0.040625
7 0.492188 0.521094 0.009375 0.026562
