2 0.151562 0.845313 0.303125 0.306250
2 0.705469 0.728125 0.114062 0.028125
2 0.435937 0.745313 0.040625 0.034375
2 0.321875 0.750000 0.028125 0.037500
4 0.578906 0.565625 0.070312 0.425000
4 0.160156 0.632812 0.304688 0.190625
4 0.720313 0.627344 0.081250 0.160938
4 0.693750 0.707812 0.143750 0.184375
5 0.960156 0.567969 0.076563 0.257812
5 0.852344 0.700781 0.051562 0.095312
5 0.299219 0.714844 0.079687 0.064062
5 0.525781 0.711719 0.007812 0.032813
5 0.419531 0.723437 0.010937 0.040625
6 0.428125 0.859375 0.034375 0.006250
6 0.398438 0.964844 0.065625 0.017188
