0 0.541406 0.575781 0.110937 0.107813
0 0.624219 0.583594 0.010937 0.045312
0 0.987500 0.633594 0.021875 0.101562
2 0.610156 0.570312 0.020313 0.034375
2 0.796094 0.654687 0.139063 0.162500
2 0.989062 0.720313 0.018750 0.159375
4 0.888281 0.414844 0.220312 0.829688
4 0.466406 0.565625 0.029687 0.071875
5 0.549219 0.524219 0.082812 0.114062
5 0.714844 0.544531 0.020313 0.014063
5 0.840625 0.560156 0.006250 0.017188
5 0.653125 0.620313 0.018750 0.050000
6 0.672656 0.664844 0.051562 0.010937
7 0.678906 0.622656 0.035937 0.073438
