0 0.031250 0.485156 0.031250 0.110937
0 0.170313 0.485938 0.125000 0.084375
0 0.345313 0.505469 0.137500 0.117188
0 0.265625 0.495312 0.009375 0.062500
0 0.460938 0.494531 0.040625 0.045312
0 0.943750 0.507031 0.053125 0.057813
2 0.148438 0.489063 0.053125 0.034375
2 0.221875 0.491406 0.006250 0.035937
2 0.730469 0.496875 0.095312 0.040625
4 0.111719 0.426563 0.067187 0.265625
5 0.110937 0.394531 0.100000 0.089063
5 0.916406 0.397656 0.014063 0.064062
5 0.420312 0.395313 0.028125 0.025000
5 0.224219 0.478125 0.076563 0.106250
5 0.710938 0.471094 0.143750 0.070312
6 0.171094 0.633594 0.067187 0.010937
