0 0.146094 0.461719 0.060937 0.079687
0 0.273438 0.459375 0.043750 0.053125
0 0.502344 0.460156 0.020313 0.035937
2 0.478906 0.454688 0.010937 0.018750
3 0.284375 0.496875 0.071875 0.062500
4 0.621875 0.209375 0.200000 0.418750
4 0.434375 0.416406 0.100000 0.060937
5 0.073438 0.125000 0.093750 0.240625
5 0.973437 0.110937 0.050000 0.071875
5 0.306250 0.247656 0.078125 0.139063
5 0.774219 0.328125 0.017188 0.071875
5 0.195312 0.357812 0.218750 0.112500
5 0.379688 0.395313 0.037500 0.146875
5 0.539062 0.431250 0.009375 0.021875
