0 0.137500 0.737500 0.275000 0.218750
0 0.563281 0.731250 0.076563 0.175000
0 0.389844 0.668750 0.020313 0.046875
0 0.654687 0.685937 0.025000 0.037500
0 0.837500 0.689844 0.037500 0.035937
0 0.946094 0.698438 0.064062 0.021875
0 0.004687 0.796875 0.009375 0.046875
2 0.025000 0.663281 0.037500 0.026562
2 0.289844 0.667188 0.117188 0.021875
4 0.936719 0.483594 0.123438 0.401562
4 0.794531 0.542188 0.035937 0.134375
4 0.419531 0.689063 0.126562 0.043750
4 0.503906 0.703906 0.035937 0.017188
4 0.861719 0.785156 0.023438 0.035937
5 0.467969 0.614062 0.126562 0.050000
5 0.210938 0.641406 0.040625 0.007812
6 0.414062 0.778906 0.034375 0.004687
7 0.539844 0.699219 0.004687 0.035937
