0 0.891406 0.600781 0.039062 0.079687
0 0.698438 0.603125 0.009375 0.037500
0 0.364063 0.607812 0.009375 0.031250
2 0.776563 0.627344 0.196875 0.101562
2 0.539844 0.607031 0.204687 0.045312
2 0.657813 0.605469 0.006250 0.029687
3 0.367188 0.612500 0.100000 0.050000
4 0.342969 0.465625 0.260937 0.365625
4 0.667188 0.471875 0.062500 0.146875
4 0.575781 0.507031 0.157812 0.210938
5 0.942187 0.062500 0.112500 0.125000
5 0.677344 0.101562 0.079687 0.040625
5 0.968750 0.385156 0.059375 0.235937
5 0.010937 0.468750 0.021875 0.100000
5 0.582031 0.433594 0.007812 0.014063
5 0.928125 0.492188 0.040625 0.040625
5 0.805469 0.532031 0.073438 0.042188
5 0.677344 0.571875 0.045312 0.084375
5 0.396875 0.582812 0.028125 0.068750
5 0.261719 0.587500 0.010937 0.046875
5 0.497656 0.571875 0.023438 0.012500
6 0.314063 0.800781 0.156250 0.085938
