0 0.355469 0.654687 0.004687 0.031250
2 0.951562 0.654687 0.093750 0.084375
2 0.452344 0.653125 0.060937 0.046875
2 0.668750 0.642188 0.034375 0.025000
2 0.817187 0.662500 0.103125 0.062500
2 0.232031 0.657031 0.092188 0.035937
2 0.033594 0.653906 0.020313 0.026562
4 0.930469 0.368750 0.135937 0.190625
4 0.522656 0.611719 0.117188 0.104688
4 0.088281 0.615625 0.176563 0.106250
4 0.335156 0.614062 0.270313 0.090625
4 0.206250 0.635156 0.012500 0.017188
5 0.767969 0.517969 0.107813 0.067187
5 0.935937 0.506250 0.118750 0.031250
5 0.219531 0.567969 0.239063 0.104688
5 0.555469 0.578906 0.095312 0.051562
5 0.737500 0.628906 0.009375 0.014063
8 0.913281 0.947656 0.017188 0.007812
