0 0.511719 0.482031 0.110937 0.310937
0 0.729688 0.530469 0.118750 0.323437
0 0.554688 0.455469 0.015625 0.060937
1 0.197656 0.426563 0.098437 0.115625
1 0.644531 0.510156 0.048438 0.114062
1 0.803906 0.589844 0.098437 0.201563
1 0.972656 0.688281 0.051562 0.173437
2 0.017969 0.371094 0.035937 0.129688
4 0.233594 0.237500 0.029687 0.043750
4 0.539062 0.275781 0.009375 0.035937
5 0.092969 0.276562 0.039062 0.078125
5 0.717187 0.335156 0.028125 0.010937
5 0.663281 0.515625 0.048438 0.134375
6 0.675781 0.987500 0.160938 0.021875
