0 0.766406 0.668750 0.023438 0.096875
0 0.596094 0.667188 0.039062 0.081250
2 0.117188 0.714063 0.234375 0.218750
2 0.981250 0.685937 0.034375 0.100000
2 0.491406 0.689063 0.107813 0.075000
4 0.378125 0.618750 0.021875 0.031250
5 0.592969 0.388281 0.070312 0.082812
5 0.221094 0.577344 0.051562 0.082812
5 0.470313 0.603125 0.103125 0.018750
6 0.198437 0.741406 0.065625 0.017188
6 0.417187 0.764844 0.059375 0.007812
6 0.815625 0.763281 0.046875 0.004687
6 0.160156 0.854688 0.085938 0.021875
6 0.589844 0.904687 0.104688 0.037500
