0 0.900781 0.558594 0.067187 0.139063
0 0.983594 0.534375 0.029687 0.084375
0 0.759375 0.517969 0.015625 0.023438
0 0.462500 0.577344 0.040625 0.107813
2 0.546875 0.556250 0.125000 0.050000
2 0.754687 0.594531 0.159375 0.126562
3 0.950000 0.637500 0.096875 0.175000
4 0.507812 0.489063 0.050000 0.103125
5 0.135937 0.306250 0.062500 0.112500
5 0.425000 0.348438 0.065625 0.159375
5 0.807813 0.390625 0.115625 0.096875
5 0.133594 0.600000 0.154688 0.468750
5 0.433594 0.531250 0.060937 0.200000
5 0.716406 0.467969 0.120313 0.048438
5 0.589063 0.503906 0.059375 0.064062
6 0.478906 0.699219 0.035937 0.007812
6 0.422656 0.876563 0.160938 0.093750
