0 0.639844 0.335938 0.123438 0.071875
0 0.947656 0.448437 0.101562 0.281250
0 0.541406 0.339062 0.014063 0.059375
1 0.617969 0.341406 0.010937 0.026562
1 0.725781 0.360156 0.007812 0.023438
1 0.962500 0.364844 0.015625 0.023438
1 0.432031 0.432031 0.126562 0.154688
1 0.281250 0.430469 0.143750 0.145313
1 0.113281 0.446094 0.189062 0.148438
2 0.278906 0.314844 0.164062 0.098437
2 0.442188 0.321875 0.096875 0.059375
2 0.564844 0.332031 0.020313 0.014063
2 0.799219 0.438281 0.176563 0.223438
2 0.015625 0.380469 0.031250 0.054688
3 0.012500 0.482031 0.025000 0.107813
4 0.978906 0.116406 0.039062 0.170313
4 0.726562 0.189062 0.165625 0.300000
4 0.567969 0.274219 0.026562 0.104688
5 0.283594 0.279687 0.048438 0.021875
