0 0.658594 0.495312 0.010937 0.018750
0 0.513281 0.562500 0.070312 0.146875
0 0.398438 0.594531 0.146875 0.204687
0 0.978906 0.534375 0.039062 0.059375
0 0.860938 0.627344 0.015625 0.039062
2 0.304688 0.530469 0.125000 0.135937
2 0.118750 0.568750 0.237500 0.209375
2 0.669531 0.547656 0.164062 0.107813
3 0.567969 0.528906 0.079687 0.060937
4 0.569531 0.461719 0.032813 0.157812
4 0.871094 0.535937 0.254688 0.225000
4 0.235156 0.461719 0.029687 0.032813
4 0.338281 0.474219 0.029687 0.048438
5 0.419531 0.349219 0.223438 0.082812
5 0.916406 0.430469 0.164062 0.164062
5 0.718750 0.366406 0.040625 0.017188
5 0.417969 0.448437 0.164062 0.087500
5 0.105469 0.467187 0.170313 0.090625
5 0.821094 0.615625 0.073438 0.156250
7 0.617188 0.525000 0.012500 0.025000
