0 0.634375 0.744531 0.018750 0.067187
0 0.863281 0.765625 0.048438 0.103125
0 0.778906 0.761719 0.048438 0.089063
2 0.500000 0.797656 0.278125 0.179688
2 0.112500 0.742188 0.162500 0.046875
2 0.946875 0.829688 0.103125 0.221875
4 0.189844 0.587500 0.379688 0.284375
4 0.875000 0.702344 0.193750 0.129688
4 0.173437 0.660937 0.012500 0.012500
4 0.399219 0.717187 0.017188 0.018750
5 0.850000 0.096094 0.296875 0.192188
5 0.016406 0.289062 0.032813 0.056250
5 0.591406 0.285156 0.035937 0.045312
5 0.764844 0.476562 0.026562 0.050000
5 0.482812 0.532031 0.056250 0.014063
5 0.665625 0.617188 0.050000 0.071875
5 0.561719 0.665625 0.070312 0.062500
5 0.023438 0.669531 0.046875 0.035937
5 0.341406 0.667969 0.020313 0.010937
5 0.165625 0.690625 0.115625 0.050000
5 0.446094 0.707031 0.007812 0.020313
7 0.592187 0.712500 0.025000 0.025000
8 0.230469 0.750781 0.260937 0.026562
