0 0.782031 0.450000 0.017188 0.015625
2 0.384375 0.482812 0.015625 0.012500
4 0.746875 0.351562 0.103125 0.178125
4 0.209375 0.450000 0.225000 0.203125
4 0.663281 0.412500 0.067187 0.100000
4 0.557031 0.453125 0.135937 0.040625
5 0.413281 0.190625 0.020313 0.050000
5 0.968750 0.400000 0.012500 0.025000
5 0.881250 0.436719 0.053125 0.095312
5 0.735938 0.442969 0.125000 0.060937
5 0.333594 0.471875 0.023438 0.090625
5 0.464062 0.473438 0.025000 0.021875
7 0.821875 0.467969 0.009375 0.020313
7 0.096094 0.549219 0.014063 0.039062
