0 0.380469 0.684375 0.020313 0.071875
2 0.904687 0.660937 0.187500 0.125000
2 0.760156 0.671875 0.014063 0.031250
2 0.580469 0.682031 0.135937 0.032813
2 0.283594 0.685156 0.060937 0.032813
2 0.446094 0.689063 0.092188 0.034375
2 0.139844 0.698438 0.089063 0.034375
4 0.814063 0.559375 0.143750 0.087500
4 0.204687 0.642969 0.231250 0.170313
4 0.778125 0.625000 0.037500 0.043750
4 0.342969 0.689063 0.039062 0.068750
4 0.812500 0.932031 0.193750 0.132812
5 0.717969 0.616406 0.039062 0.145313
5 0.303125 0.610938 0.021875 0.121875
5 0.087500 0.628125 0.143750 0.050000
5 0.582812 0.642969 0.103125 0.076563
5 0.220312 0.639844 0.009375 0.035937
5 0.825781 0.632031 0.010937 0.010937
5 0.432031 0.665625 0.010937 0.015625
7 0.563281 0.685937 0.007812 0.015625
7 0.217969 0.720313 0.042188 0.062500
7 0.082031 0.703125 0.010937 0.018750
8 0.966406 0.739844 0.064062 0.007812
