0 0.010156 0.710156 0.017188 0.073438
2 0.426563 0.755469 0.087500 0.029687
2 0.645312 0.794531 0.125000 0.079687
2 0.913281 0.798438 0.170313 0.062500
4 0.818750 0.725781 0.106250 0.135937
4 0.571094 0.714844 0.104688 0.076563
4 0.953906 0.728125 0.082812 0.096875
5 0.030469 0.574219 0.060937 0.035937
5 0.296875 0.685937 0.168750 0.134375
5 0.429688 0.736719 0.090625 0.048438
5 0.657031 0.737500 0.045312 0.021875
5 0.932813 0.772656 0.006250 0.029687
7 0.362500 0.757812 0.028125 0.031250
8 0.964844 0.834375 0.067187 0.009375
