0 0.653125 0.628125 0.034375 0.096875
2 0.950000 0.584375 0.037500 0.009375
2 0.388281 0.645312 0.151562 0.106250
2 0.746094 0.599219 0.017188 0.010937
2 0.571875 0.612500 0.090625 0.028125
2 0.151562 0.655469 0.287500 0.101562
4 0.427344 0.566406 0.139063 0.110937
4 0.255469 0.595313 0.201563 0.059375
4 0.103125 0.596875 0.093750 0.046875
5 0.006250 0.521875 0.012500 0.034375
5 0.687500 0.574219 0.015625 0.010937
5 0.496875 0.600000 0.018750 0.050000
5 0.214062 0.593750 0.015625 0.021875
6 0.543750 0.722656 0.046875 0.007812
6 0.696875 0.776563 0.081250 0.015625
7 0.518750 0.616406 0.012500 0.020313
8 0.179688 0.710938 0.359375 0.156250
8 0.256250 0.824219 0.237500 0.339062
8 0.578906 0.801562 0.226562 0.250000
