0 0.082031 0.501563 0.076563 0.043750
0 0.479687 0.520312 0.037500 0.065625
1 0.103906 0.505469 0.107813 0.032813
1 0.023438 0.505469 0.012500 0.029687
2 0.227344 0.528125 0.142187 0.115625
2 0.450000 0.514844 0.062500 0.048438
2 0.956250 0.560156 0.084375 0.123438
2 0.800781 0.585156 0.198437 0.095312
3 0.033594 0.504687 0.007812 0.025000
3 0.913281 0.764844 0.170313 0.467187
3 0.748437 0.612500 0.059375 0.159375
4 0.554688 0.539844 0.081250 0.039062
4 0.656250 0.553125 0.025000 0.037500
4 0.889062 0.552344 0.015625 0.017188
5 0.658594 0.264062 0.054688 0.093750
5 0.122656 0.452344 0.014063 0.007812
5 0.591406 0.512500 0.014063 0.025000
6 0.646094 0.859375 0.139063 0.159375
