0 0.026562 0.675781 0.053125 0.039062
0 0.332813 0.716406 0.071875 0.117188
0 0.582812 0.709375 0.012500 0.056250
0 0.804688 0.711719 0.046875 0.026562
1 0.521875 0.741406 0.015625 0.048438
2 0.119531 0.740625 0.239063 0.184375
2 0.623437 0.728125 0.093750 0.103125
2 0.772656 0.748437 0.132812 0.103125
4 0.404687 0.713281 0.059375 0.089063
5 0.978125 0.628906 0.040625 0.260937
5 0.404687 0.641406 0.096875 0.235937
5 0.590625 0.673438 0.062500 0.103125
5 0.270313 0.683594 0.025000 0.085938
5 0.841406 0.728906 0.023438 0.057813
6 0.327344 0.816406 0.039062 0.010937
