0 0.870313 0.450000 0.059375 0.118750
0 0.660937 0.491406 0.050000 0.054688
0 0.560937 0.486719 0.009375 0.029687
0 0.133594 0.545312 0.010937 0.040625
1 0.821094 0.499219 0.067187 0.067187
1 0.439063 0.581250 0.100000 0.143750
2 0.749219 0.495312 0.067187 0.046875
2 0.307812 0.530469 0.109375 0.060937
4 0.392969 0.434375 0.110937 0.153125
4 0.928906 0.442969 0.139063 0.067187
5 0.828125 0.409375 0.068750 0.081250
5 0.942969 0.406250 0.017188 0.012500
5 0.586719 0.433594 0.064062 0.039062
5 0.759375 0.451562 0.012500 0.012500
5 0.328906 0.470313 0.010937 0.018750
