2 0.467187 0.644531 0.315625 0.257812
2 0.082812 0.546875 0.165625 0.056250
2 0.814844 0.569531 0.260937 0.092188
2 0.974219 0.549219 0.048438 0.020313
2 0.643750 0.555469 0.025000 0.026562
2 0.216406 0.563281 0.073438 0.029687
4 0.327344 0.515625 0.151562 0.106250
4 0.416406 0.527344 0.020313 0.020313
4 0.992969 0.535156 0.010937 0.017188
5 0.145313 0.408594 0.106250 0.145313
5 0.825781 0.483594 0.017188 0.076563
5 0.235156 0.500000 0.017188 0.100000
5 0.650781 0.510156 0.160938 0.064062
5 0.371875 0.514062 0.025000 0.053125
5 0.973437 0.520312 0.050000 0.037500
5 0.471094 0.525000 0.010937 0.028125
5 0.187500 0.540625 0.015625 0.018750
5 0.039062 0.586719 0.078125 0.023438
8 0.809375 0.614062 0.378125 0.081250
