2 0.398438 0.541406 0.150000 0.023438
2 0.142187 0.542969 0.015625 0.014063
2 0.119531 0.632031 0.239063 0.185938
2 0.711719 0.573438 0.135937 0.068750
2 0.950000 0.578125 0.034375 0.062500
2 0.796875 0.574219 0.025000 0.026562
4 0.791406 0.496875 0.298438 0.096875
4 0.257031 0.502344 0.195312 0.092188
4 0.624219 0.527344 0.145313 0.104688
5 0.909375 0.339844 0.018750 0.051562
5 0.017188 0.378125 0.034375 0.125000
5 0.600000 0.467187 0.090625 0.053125
5 0.943750 0.485156 0.031250 0.004687
5 0.692187 0.501563 0.009375 0.015625
5 0.280469 0.508594 0.014063 0.017188
8 0.872656 0.624219 0.173437 0.010937
