0 0.360938 0.530469 0.009375 0.020313
0 0.497656 0.553906 0.014063 0.060937
1 0.197656 0.568750 0.107813 0.071875
2 0.678125 0.558594 0.346875 0.182812
2 0.325000 0.524219 0.050000 0.048438
3 0.342969 0.587500 0.060937 0.096875
4 0.446875 0.059375 0.090625 0.118750
4 0.386719 0.500781 0.032813 0.235937
4 0.659375 0.509375 0.081250 0.059375
4 0.311719 0.523438 0.017188 0.028125
4 0.986719 0.585938 0.023438 0.015625
5 0.657031 0.465625 0.017188 0.021875
5 0.367969 0.526563 0.014063 0.021875
6 0.287500 0.820312 0.090625 0.031250
7 0.342969 0.556250 0.014063 0.021875
