1 0.157812 0.571094 0.018750 0.045312
1 0.271875 0.560156 0.015625 0.023438
2 0.769531 0.558594 0.282813 0.101562
2 0.405469 0.548438 0.148438 0.056250
2 0.557813 0.545312 0.115625 0.028125
4 0.344531 0.503906 0.145313 0.110937
4 0.933594 0.530469 0.129688 0.120313
4 0.556250 0.517969 0.065625 0.029687
4 0.257812 0.532813 0.021875 0.025000
5 0.813281 0.451562 0.035937 0.112500
5 0.340625 0.449219 0.078125 0.076563
5 0.655469 0.528125 0.076563 0.059375
5 0.741406 0.527344 0.042188 0.026562
5 0.322656 0.534375 0.007812 0.021875
6 0.078906 0.616406 0.123438 0.023438
6 0.767188 0.622656 0.031250 0.004687
