0 0.248438 0.274219 0.009375 0.026562
1 0.107813 0.285156 0.215625 0.032813
1 0.239063 0.292969 0.028125 0.035937
1 0.730469 0.305469 0.017188 0.039062
1 0.551562 0.364844 0.150000 0.129688
1 0.400000 0.385937 0.012500 0.062500
1 0.212500 0.678906 0.425000 0.639062
2 0.444531 0.285156 0.110937 0.076563
2 0.332031 0.277344 0.020313 0.026562
4 0.103906 0.139063 0.207813 0.278125
4 0.528125 0.240625 0.003125 0.028125
4 0.355469 0.539844 0.023438 0.042188
5 0.452344 0.225000 0.007812 0.018750
5 0.242969 0.275781 0.104688 0.067187
7 0.271875 0.292187 0.015625 0.028125
