0 0.976562 0.184375 0.043750 0.103125
0 0.600781 0.206250 0.054688 0.090625
0 0.485938 0.208594 0.065625 0.089063
0 0.103125 0.218750 0.087500 0.065625
0 0.167187 0.214062 0.018750 0.050000
1 0.803125 0.360156 0.390625 0.348438
1 0.842187 0.203125 0.018750 0.015625
1 0.407031 0.225000 0.004687 0.034375
1 0.026562 0.245312 0.028125 0.053125
2 0.312500 0.221094 0.075000 0.070312
4 0.492188 0.092969 0.121875 0.185938
4 0.704688 0.078125 0.159375 0.156250
4 0.078125 0.128906 0.156250 0.157812
5 0.909375 0.178125 0.037500 0.006250
