0 0.228125 0.530469 0.168750 0.029687
0 0.614062 0.567969 0.087500 0.073438
2 0.316406 0.603906 0.157812 0.145313
2 0.452344 0.578125 0.079687 0.087500
2 0.974219 0.585938 0.048438 0.037500
3 0.184375 0.607031 0.050000 0.110937
3 0.810156 0.607812 0.045312 0.071875
4 0.832812 0.578906 0.037500 0.145313
5 0.553125 0.436719 0.109375 0.139063
5 0.629687 0.477344 0.087500 0.029687
5 0.757812 0.486719 0.040625 0.035937
5 0.939844 0.496094 0.117188 0.032813
5 0.368750 0.499219 0.012500 0.014063
5 0.163281 0.560937 0.029687 0.053125
8 0.781250 0.843750 0.371875 0.309375
