2 0.170313 0.489063 0.209375 0.034375
2 0.644531 0.489844 0.173437 0.032813
2 0.833594 0.495312 0.098437 0.021875
2 0.376563 0.499219 0.065625 0.010937
4 0.959375 0.400000 0.078125 0.646875
4 0.219531 0.471094 0.092188 0.176563
4 0.843750 0.574219 0.171875 0.279687
4 0.592187 0.552344 0.456250 0.070312
5 0.142187 0.393750 0.284375 0.081250
5 0.325781 0.411719 0.042188 0.098437
5 0.748437 0.435156 0.134375 0.142187
5 0.837500 0.417969 0.025000 0.048438
5 0.982031 0.432031 0.032813 0.057813
5 0.513281 0.461719 0.020313 0.032813
8 0.349219 0.523438 0.573438 0.034375
8 0.001563 0.527344 0.003125 0.039062
8 0.716406 0.511719 0.151562 0.007812
