0 0.772656 0.527344 0.014063 0.039062
0 0.664844 0.560156 0.067187 0.101562
0 0.353125 0.550000 0.015625 0.046875
0 0.158594 0.569531 0.007812 0.042188
2 0.019531 0.592187 0.039062 0.075000
3 0.373437 0.559375 0.015625 0.034375
4 0.930469 0.303125 0.135937 0.606250
4 0.056250 0.412500 0.112500 0.165625
4 0.285938 0.540625 0.021875 0.031250
5 0.278125 0.432031 0.037500 0.026562
5 0.483594 0.461719 0.032813 0.014063
5 0.149219 0.517969 0.010937 0.070312
6 0.468750 0.625781 0.034375 0.004687
6 0.705469 0.908594 0.129688 0.054688
7 0.700000 0.542188 0.059375 0.071875
7 0.921094 0.580469 0.035937 0.092188
7 0.307812 0.608594 0.050000 0.110937
7 0.151562 0.571094 0.012500 0.029687
