0 0.296094 0.626563 0.014063 0.031250
0 0.569531 0.642188 0.026562 0.034375
0 0.647656 0.641406 0.010937 0.032813
2 0.329688 0.671094 0.425000 0.117188
2 0.725000 0.642188 0.096875 0.059375
2 0.936719 0.642188 0.035937 0.018750
4 0.892969 0.439063 0.210938 0.634375
4 0.325000 0.566406 0.053125 0.151562
4 0.590625 0.598437 0.112500 0.103125
5 0.096875 0.283594 0.115625 0.076563
5 0.154688 0.504687 0.234375 0.100000
5 0.517188 0.579688 0.012500 0.018750
6 0.226562 0.743750 0.193750 0.037500
6 0.299219 0.825000 0.173437 0.034375
8 0.826562 0.646094 0.046875 0.010937
