0 0.675000 0.636719 0.015625 0.054688
0 0.578906 0.639062 0.007812 0.031250
1 0.567969 0.650000 0.014063 0.018750
1 0.088281 0.689063 0.039062 0.034375
1 0.004687 0.701562 0.009375 0.018750
2 0.830469 0.782813 0.335938 0.431250
2 0.263281 0.698438 0.298438 0.150000
2 0.460156 0.655469 0.073438 0.045312
4 0.173437 0.450000 0.346875 0.550000
5 0.660937 0.494531 0.087500 0.098437
5 0.846094 0.539844 0.185938 0.129688
5 0.290625 0.533594 0.012500 0.032813
5 0.539844 0.588281 0.029687 0.042188
5 0.219531 0.605469 0.057813 0.020313
