0 0.823438 0.498437 0.025000 0.115625
0 0.703125 0.521094 0.015625 0.082812
2 0.218750 0.662500 0.437500 0.415625
2 0.941406 0.489063 0.098437 0.065625
2 0.533594 0.556250 0.135937 0.193750
2 0.885938 0.505469 0.009375 0.032813
4 0.774219 0.175000 0.017188 0.071875
4 0.931250 0.403906 0.134375 0.326562
4 0.453906 0.461719 0.082812 0.157812
4 0.360938 0.464062 0.071875 0.125000
4 0.664844 0.497656 0.020313 0.020313
5 0.411719 0.379688 0.032813 0.078125
5 0.779687 0.507031 0.009375 0.039062
7 0.646094 0.554688 0.082812 0.096875
