0 0.346094 0.661719 0.079687 0.073438
0 0.992188 0.658594 0.012500 0.042188
0 0.450000 0.665625 0.021875 0.040625
2 0.799219 0.642188 0.326562 0.153125
2 0.518750 0.657031 0.012500 0.017188
2 0.366406 0.664844 0.007812 0.023438
4 0.978125 0.164844 0.040625 0.326562
4 0.013281 0.155469 0.026562 0.104688
5 0.968750 0.392188 0.059375 0.046875
5 0.188281 0.571875 0.101562 0.056250
5 0.384375 0.614062 0.103125 0.128125
5 0.965625 0.638281 0.009375 0.029687
5 0.499219 0.637500 0.014063 0.015625
7 0.596875 0.653906 0.006250 0.017188
