0 0.591406 0.511719 0.035937 0.089063
2 0.807813 0.699219 0.381250 0.598437
2 0.571875 0.504687 0.018750 0.056250
2 0.428906 0.530469 0.014063 0.035937
3 0.537500 0.549219 0.062500 0.135937
3 0.679688 0.639844 0.021875 0.082812
4 0.492188 0.373437 0.018750 0.103125
5 0.214062 0.202344 0.215625 0.195312
5 0.271875 0.199219 0.015625 0.045312
5 0.417187 0.384375 0.121875 0.121875
5 0.940625 0.371875 0.096875 0.059375
5 0.508594 0.407813 0.026562 0.112500
6 0.559375 0.600000 0.078125 0.040625
6 0.528125 0.727344 0.112500 0.076563
