0 0.246875 0.558594 0.025000 0.107813
2 0.939063 0.456250 0.118750 0.031250
2 0.643750 0.526563 0.246875 0.084375
2 0.065625 0.599219 0.084375 0.051562
3 0.453906 0.578125 0.035937 0.031250
4 0.528906 0.490625 0.032813 0.071875
4 0.175000 0.532813 0.040625 0.062500
4 0.399219 0.550781 0.042188 0.054688
5 0.934375 0.404687 0.128125 0.128125
5 0.826562 0.439844 0.103125 0.092188
5 0.657031 0.487500 0.079687 0.050000
5 0.458594 0.535156 0.010937 0.023438
5 0.036719 0.533594 0.014063 0.007812
6 0.546875 0.578125 0.096875 0.078125
6 0.636719 0.606250 0.082812 0.031250
7 0.192188 0.596875 0.009375 0.034375
