0 0.744531 0.513281 0.098437 0.198437
0 0.660937 0.489844 0.062500 0.067187
0 0.283594 0.504687 0.085938 0.081250
0 0.439063 0.508594 0.068750 0.085938
0 0.572656 0.492188 0.045312 0.053125
0 0.195312 0.508594 0.078125 0.039062
1 0.136719 0.551562 0.182812 0.106250
1 0.257812 0.531250 0.040625 0.059375
2 0.498437 0.485938 0.037500 0.012500
3 0.358594 0.510156 0.017188 0.032813
4 0.464062 0.410156 0.081250 0.157812
4 0.425781 0.424219 0.001563 0.045312
5 0.332813 0.486719 0.006250 0.026562
6 0.580469 0.672656 0.104688 0.017188
6 0.963281 0.710156 0.070312 0.026562
6 0.180469 0.735156 0.151562 0.029687
