2 0.321094 0.706250 0.079687 0.034375
2 0.021094 0.717187 0.042188 0.043750
2 0.441406 0.710156 0.029687 0.023438
2 0.709375 0.723437 0.100000 0.040625
4 0.111719 0.653125 0.223438 0.140625
4 0.582031 0.655469 0.179688 0.132812
4 0.428125 0.680469 0.121875 0.060937
4 0.993750 0.728125 0.009375 0.062500
5 0.467187 0.637500 0.031250 0.037500
5 0.310156 0.653125 0.057813 0.037500
5 0.184375 0.682813 0.046875 0.015625
8 0.210156 0.864062 0.260937 0.212500
8 0.501563 0.833594 0.096875 0.139063
8 0.717187 0.827344 0.078125 0.035937
