0 0.871875 0.521875 0.009375 0.040625
0 0.441406 0.537500 0.026562 0.056250
0 0.517969 0.538281 0.014063 0.048438
2 0.646875 0.535937 0.093750 0.062500
2 0.015625 0.536719 0.031250 0.035937
2 0.299219 0.540625 0.101562 0.034375
2 0.406250 0.537500 0.015625 0.018750
4 0.453906 0.325781 0.145313 0.420312
4 0.495312 0.349219 0.046875 0.110937
4 0.324219 0.492969 0.101562 0.092188
4 0.169531 0.476562 0.023438 0.012500
5 0.586719 0.196094 0.042188 0.076563
5 0.597656 0.447656 0.110937 0.042188
5 0.751563 0.487500 0.168750 0.118750
5 0.979688 0.502344 0.037500 0.101562
5 0.300000 0.497656 0.006250 0.014063
5 0.882812 0.513281 0.012500 0.032813
6 0.516406 0.992188 0.110937 0.012500
