0 0.454688 0.528125 0.021875 0.093750
2 0.094531 0.550781 0.189062 0.276562
2 0.377344 0.519531 0.048438 0.082812
4 0.424219 0.414062 0.151562 0.190625
4 0.290625 0.418750 0.056250 0.156250
4 0.414844 0.574219 0.048438 0.026562
5 0.732812 0.011719 0.106250 0.023438
5 0.710156 0.253906 0.139063 0.135937
5 0.545312 0.349219 0.103125 0.179688
5 0.642188 0.457031 0.084375 0.151562
5 0.085938 0.400000 0.037500 0.028125
5 0.245312 0.448437 0.015625 0.021875
5 0.462500 0.453125 0.015625 0.009375
5 0.740625 0.621094 0.087500 0.126562
6 0.576562 0.592969 0.168750 0.095312
6 0.460156 0.730469 0.201563 0.048438
6 0.884375 0.846094 0.228125 0.120313
