2 0.134375 0.800781 0.268750 0.148438
2 0.379688 0.856250 0.178125 0.106250
2 0.578125 0.827344 0.109375 0.042188
2 0.761719 0.844531 0.160938 0.076563
4 0.446094 0.750781 0.248438 0.198437
4 0.915625 0.717969 0.009375 0.045312
4 0.248438 0.778906 0.165625 0.123438
4 0.637500 0.784375 0.068750 0.065625
4 0.341406 0.790625 0.014063 0.071875
5 0.826562 0.738281 0.043750 0.085938
5 0.614062 0.744531 0.018750 0.067187
5 0.285156 0.800000 0.017188 0.018750
8 0.595313 0.848437 0.256250 0.043750
8 0.185938 0.890625 0.371875 0.025000
8 0.499219 0.987500 0.998437 0.021875
