0 0.868750 0.653906 0.081250 0.076563
0 0.755469 0.656250 0.098437 0.071875
0 0.144531 0.650781 0.045312 0.051562
0 0.403125 0.643750 0.084375 0.031250
0 0.610156 0.654687 0.085938 0.046875
0 0.667188 0.653125 0.006250 0.040625
1 0.500000 0.672656 0.003125 0.035937
2 0.256250 0.661719 0.140625 0.117188
2 0.925000 0.653906 0.040625 0.020313
4 0.434375 0.592187 0.021875 0.046875
4 0.846875 0.669531 0.006250 0.045312
5 0.079687 0.607031 0.050000 0.114062
5 0.954688 0.633594 0.015625 0.126562
5 0.282031 0.609375 0.010937 0.012500
5 0.714063 0.645312 0.050000 0.056250
