0 0.889062 0.602344 0.103125 0.157812
0 0.442188 0.656250 0.071875 0.228125
0 0.785156 0.658594 0.173437 0.217188
0 0.357812 0.678906 0.109375 0.210938
0 0.206250 0.750781 0.134375 0.257812
0 0.973437 0.684375 0.050000 0.106250
0 0.032031 0.893750 0.064062 0.209375
2 0.610156 0.582031 0.176563 0.114062
2 0.896875 0.782813 0.203125 0.262500
2 0.535156 0.822656 0.123438 0.223438
4 0.507812 0.442969 0.068750 0.151562
5 0.017969 0.088281 0.035937 0.176563
5 0.603906 0.451562 0.123438 0.118750
5 0.435937 0.487500 0.040625 0.087500
5 0.109375 0.522656 0.062500 0.079687
5 0.312500 0.526563 0.112500 0.087500
5 0.759375 0.544531 0.037500 0.120313
5 0.705469 0.591406 0.014063 0.032813
6 0.793750 0.796875 0.028125 0.015625
6 0.989062 0.991406 0.018750 0.014063
7 0.352344 0.682813 0.007812 0.046875
