0 0.772656 0.541406 0.007812 0.045312
0 0.478906 0.554688 0.010937 0.046875
0 0.357812 0.547656 0.006250 0.020313
0 0.215625 0.571094 0.053125 0.045312
2 0.846875 0.532813 0.059375 0.056250
2 0.992969 0.533594 0.010937 0.039062
2 0.654687 0.553125 0.181250 0.053125
2 0.328125 0.567969 0.181250 0.057813
2 0.088281 0.573438 0.176563 0.056250
2 0.002344 0.746094 0.004687 0.107813
4 0.976562 0.332813 0.043750 0.440625
4 0.671094 0.517969 0.154688 0.042188
5 0.578125 0.528906 0.109375 0.029687
6 0.093750 0.650781 0.040625 0.004687
