0 0.746094 0.639844 0.085938 0.114062
2 0.940625 0.636719 0.115625 0.279687
2 0.528125 0.635938 0.078125 0.065625
3 0.680469 0.649219 0.032813 0.060937
4 0.666406 0.500781 0.135937 0.348438
4 0.542969 0.554688 0.048438 0.087500
4 0.107813 0.679688 0.062500 0.118750
5 0.157812 0.134375 0.043750 0.268750
5 0.565625 0.398438 0.065625 0.231250
5 0.296094 0.315625 0.020313 0.034375
5 0.451562 0.526563 0.131250 0.131250
5 0.704688 0.571875 0.050000 0.106250
5 0.848437 0.592187 0.075000 0.075000
5 0.618750 0.636719 0.009375 0.039062
