0 0.336719 0.484375 0.089063 0.062500
0 0.394531 0.489063 0.010937 0.050000
0 0.627344 0.494531 0.007812 0.039062
0 0.857812 0.496875 0.021875 0.034375
1 0.767969 0.523438 0.026562 0.043750
2 0.128906 0.453906 0.073438 0.142187
2 0.484375 0.515625 0.171875 0.153125
2 0.383594 0.482812 0.004687 0.043750
2 0.933594 0.542188 0.129688 0.134375
4 0.450000 0.463281 0.018750 0.014063
5 0.922656 0.296875 0.151562 0.175000
5 0.182812 0.376563 0.178125 0.046875
5 0.339844 0.426563 0.051562 0.075000
5 0.696094 0.466406 0.151562 0.064062
5 0.856250 0.442188 0.025000 0.012500
7 0.647656 0.503125 0.010937 0.028125
