0 0.600000 0.605469 0.084375 0.173437
0 0.453125 0.584375 0.040625 0.115625
0 0.940625 0.598437 0.034375 0.118750
0 0.331250 0.575000 0.046875 0.021875
0 0.200000 0.586719 0.065625 0.042188
4 0.536719 0.435156 0.117188 0.267188
4 0.392188 0.482812 0.156250 0.203125
4 0.189062 0.519531 0.068750 0.164062
5 0.948438 0.292187 0.100000 0.162500
5 0.402344 0.324219 0.042188 0.026562
5 0.055469 0.402344 0.098437 0.117188
5 0.766406 0.471094 0.104688 0.182812
5 0.975781 0.558594 0.045312 0.160938
5 0.189844 0.580469 0.014063 0.039062
6 0.108594 0.692187 0.045312 0.006250
