0 0.167187 0.503906 0.009375 0.032813
0 0.906250 0.742969 0.184375 0.510938
0 0.046094 0.510938 0.042188 0.040625
0 0.424219 0.557813 0.070312 0.115625
1 0.086719 0.517969 0.010937 0.029687
2 0.095312 0.598437 0.190625 0.209375
2 0.310156 0.530469 0.135937 0.073438
2 0.214062 0.524219 0.031250 0.051562
3 0.114844 0.751563 0.229687 0.493750
3 0.294531 0.620313 0.104688 0.203125
3 0.364063 0.567969 0.025000 0.092188
4 0.555469 0.803125 0.101562 0.106250
5 0.601562 0.201563 0.009375 0.046875
5 0.804688 0.619531 0.168750 0.589063
5 0.478906 0.510156 0.151562 0.207813
5 0.609375 0.554688 0.040625 0.265625
5 0.095312 0.455469 0.021875 0.029687
7 0.290625 0.532813 0.096875 0.053125
