0 0.260156 0.690625 0.010937 0.046875
2 0.828906 0.735156 0.339062 0.157812
2 0.588281 0.706250 0.107813 0.075000
3 0.655469 0.716406 0.017188 0.057813
3 0.489844 0.706250 0.010937 0.015625
4 0.355469 0.534375 0.298438 0.537500
4 0.944531 0.576562 0.107813 0.190625
4 0.528125 0.674219 0.028125 0.054688
5 0.896875 0.490625 0.037500 0.356250
5 0.742969 0.460156 0.039062 0.207813
5 0.701562 0.604688 0.078125 0.125000
5 0.491406 0.633594 0.026562 0.092188
5 0.826562 0.639062 0.115625 0.068750
5 0.758594 0.641406 0.017188 0.060937
