1 0.555469 0.428906 0.017188 0.032813
2 0.357812 0.474219 0.178125 0.176563
2 0.531250 0.487500 0.131250 0.168750
3 0.206250 0.558594 0.309375 0.454688
3 0.635938 0.420312 0.009375 0.025000
4 0.886719 0.235937 0.110937 0.081250
4 0.127344 0.414062 0.007812 0.018750
5 0.945312 0.100781 0.065625 0.048438
5 0.946094 0.215625 0.073438 0.109375
5 0.677344 0.273438 0.101562 0.178125
5 0.818750 0.232031 0.046875 0.054688
5 0.152344 0.356250 0.010937 0.015625
5 0.532031 0.421875 0.035937 0.034375
6 0.580469 0.582031 0.120313 0.029687
7 0.258594 0.403906 0.067187 0.060937
7 0.086719 0.462500 0.085938 0.150000
7 0.493750 0.409375 0.012500 0.025000
