0 0.731250 0.557031 0.087500 0.154688
0 0.785937 0.519531 0.015625 0.026562
0 0.599219 0.519531 0.010937 0.020313
2 0.333594 0.518750 0.107813 0.037500
2 0.461719 0.527344 0.123438 0.042188
4 0.659375 0.319531 0.015625 0.070312
4 0.196875 0.433594 0.112500 0.154688
4 0.307031 0.460156 0.048438 0.082812
4 0.538281 0.478906 0.032813 0.057813
5 0.667969 0.435937 0.045312 0.162500
5 0.396094 0.478906 0.051562 0.020313
6 0.628125 0.617969 0.028125 0.004687
6 0.491406 0.845313 0.104688 0.043750
7 0.553125 0.543750 0.050000 0.112500
