0 0.466406 0.385937 0.007812 0.043750
0 0.334375 0.423438 0.031250 0.065625
0 0.234375 0.406250 0.006250 0.028125
0 0.003906 0.564063 0.007812 0.193750
2 0.742188 0.364063 0.037500 0.034375
2 0.468750 0.425000 0.284375 0.137500
2 0.159375 0.447656 0.318750 0.148438
3 0.433594 0.517188 0.048438 0.146875
4 0.982812 0.383594 0.031250 0.373437
4 0.112500 0.353906 0.165625 0.129688
5 0.683594 0.152344 0.510938 0.304688
5 0.975781 0.114844 0.045312 0.229687
5 0.708594 0.339844 0.029687 0.057813
5 0.554688 0.349219 0.075000 0.042188
5 0.476562 0.350000 0.059375 0.025000
6 0.525000 0.582812 0.037500 0.025000
6 0.050000 0.607812 0.053125 0.018750
