0 0.918750 0.517188 0.046875 0.068750
0 0.498437 0.560156 0.006250 0.035937
0 0.092188 0.598437 0.121875 0.053125
2 0.973437 0.523438 0.050000 0.112500
2 0.784375 0.528906 0.081250 0.101562
2 0.673438 0.554688 0.037500 0.075000
2 0.260937 0.593750 0.103125 0.103125
4 0.699219 0.515625 0.014063 0.037500
5 0.823438 0.363281 0.112500 0.176563
5 0.946094 0.385156 0.026562 0.032813
5 0.467187 0.427344 0.028125 0.079687
5 0.846875 0.475781 0.028125 0.054688
6 0.433594 0.672656 0.020313 0.007812
6 0.675000 0.697656 0.015625 0.014063
