0 0.708594 0.582812 0.160938 0.503125
0 0.221094 0.477344 0.054688 0.110937
0 0.469531 0.478125 0.085938 0.100000
0 0.553125 0.468750 0.071875 0.071875
0 0.819531 0.455469 0.060937 0.039062
0 0.620313 0.478125 0.043750 0.081250
1 0.836719 0.483594 0.026562 0.045312
4 0.778125 0.223438 0.146875 0.446875
4 0.486719 0.371875 0.129688 0.143750
4 0.292969 0.424219 0.076563 0.048438
5 0.109375 0.319531 0.156250 0.039062
5 0.368750 0.374219 0.006250 0.017188
5 0.791406 0.420312 0.014063 0.065625
5 0.017969 0.411719 0.014063 0.029687
6 0.175781 0.524219 0.039062 0.007812
6 0.879687 0.535937 0.043750 0.006250
6 0.316406 0.546094 0.048438 0.004687
6 0.172656 0.602344 0.079687 0.014063
