0 0.951562 0.499219 0.093750 0.185938
0 0.375000 0.521875 0.118750 0.193750
0 0.220312 0.478125 0.065625 0.040625
0 0.810937 0.517188 0.071875 0.103125
0 0.688281 0.511719 0.076563 0.082812
0 0.442188 0.497656 0.006250 0.029687
1 0.016406 0.478125 0.032813 0.037500
1 0.154688 0.497656 0.062500 0.045312
1 0.299219 0.495312 0.082812 0.028125
1 0.488281 0.533594 0.085938 0.070312
1 0.686719 0.525000 0.054688 0.037500
1 0.573438 0.596875 0.062500 0.168750
2 0.121094 0.473438 0.017188 0.012500
4 0.932031 0.258594 0.132812 0.517188
4 0.728906 0.384375 0.114062 0.356250
4 0.082031 0.403125 0.164062 0.153125
5 0.858594 0.407031 0.017188 0.032813
5 0.455469 0.418750 0.017188 0.015625
5 0.965625 0.506250 0.050000 0.096875
5 0.309375 0.553906 0.084375 0.073438
7 0.843750 0.552344 0.040625 0.117188
