0 0.851562 0.675000 0.140625 0.190625
0 0.492969 0.641406 0.014063 0.029687
0 0.364844 0.652344 0.010937 0.035937
0 0.035156 0.672656 0.070312 0.070312
0 0.142187 0.675000 0.018750 0.059375
1 0.370312 0.682813 0.006250 0.031250
2 0.954688 0.636719 0.087500 0.154688
2 0.569531 0.662500 0.154688 0.090625
2 0.747656 0.670312 0.176563 0.096875
2 0.189062 0.676562 0.075000 0.068750
2 0.296875 0.673438 0.046875 0.050000
2 0.875781 0.699219 0.007812 0.039062
3 0.097656 0.664062 0.014063 0.012500
4 0.696875 0.356250 0.003125 0.050000
4 0.487500 0.628125 0.137500 0.059375
4 0.401562 0.637500 0.015625 0.046875
4 0.625000 0.761719 0.018750 0.017188
5 0.899219 0.477344 0.095312 0.242188
5 0.457813 0.571094 0.078125 0.039062
5 0.848437 0.588281 0.075000 0.029687
5 0.667188 0.595313 0.090625 0.015625
5 0.295312 0.639844 0.015625 0.020313
7 0.382812 0.682031 0.012500 0.032813
