0 0.735938 0.650781 0.018750 0.042188
0 0.404687 0.646094 0.006250 0.023438
0 0.642188 0.671875 0.021875 0.062500
0 0.956250 0.671094 0.043750 0.048438
1 0.896875 0.670312 0.009375 0.031250
2 0.126562 0.663281 0.115625 0.073438
2 0.274219 0.673438 0.142187 0.090625
2 0.392188 0.649219 0.012500 0.020313
2 0.714844 0.657031 0.026562 0.026562
2 0.851562 0.657031 0.090625 0.023438
3 0.522656 0.653125 0.023438 0.018750
4 0.628125 0.357031 0.278125 0.714063
4 0.879687 0.367188 0.237500 0.734375
4 0.372656 0.541406 0.217188 0.207813
5 0.604688 0.606250 0.053125 0.046875
6 0.519531 0.730469 0.029687 0.004687
6 0.928906 0.975781 0.139063 0.045312
