0 0.919531 0.628906 0.107813 0.189062
0 0.644531 0.615625 0.014063 0.065625
2 0.529687 0.692187 0.153125 0.206250
2 0.347656 0.680469 0.110937 0.126562
2 0.078906 0.792188 0.157812 0.300000
4 0.899219 0.243750 0.198437 0.346875
4 0.244531 0.328906 0.182812 0.214062
4 0.582812 0.551562 0.009375 0.075000
5 0.947656 0.387500 0.070312 0.115625
5 0.707031 0.463281 0.057813 0.135937
5 0.893750 0.598437 0.084375 0.225000
5 0.088281 0.574219 0.142187 0.151562
5 0.271875 0.577344 0.084375 0.132812
5 0.185938 0.584375 0.096875 0.128125
5 0.605469 0.557813 0.004687 0.021875
7 0.985156 0.639844 0.026562 0.104688
