0 0.297656 0.650781 0.007812 0.026562
2 0.075000 0.641406 0.087500 0.010937
2 0.213281 0.657031 0.142187 0.042188
2 0.728906 0.672656 0.085938 0.035937
3 0.717187 0.671094 0.025000 0.042188
4 0.083594 0.591406 0.167187 0.185938
4 0.218750 0.596875 0.115625 0.115625
4 0.765625 0.579688 0.071875 0.025000
4 0.436719 0.625000 0.132812 0.109375
5 0.635938 0.424219 0.118750 0.167187
5 0.487500 0.471094 0.271875 0.160938
5 0.848437 0.496875 0.175000 0.059375
5 0.635156 0.556250 0.117188 0.090625
5 0.238281 0.577344 0.110937 0.114062
5 0.302344 0.615625 0.004687 0.037500
8 0.129688 0.649219 0.034375 0.004687
8 0.918750 0.786719 0.159375 0.048438
