0 0.579688 0.543750 0.009375 0.053125
2 0.050781 0.507031 0.101562 0.042188
2 0.143750 0.505469 0.059375 0.035937
2 0.426563 0.540625 0.221875 0.071875
2 0.282031 0.560156 0.051562 0.073438
2 0.738281 0.586719 0.185938 0.110937
2 0.921875 0.574219 0.153125 0.070312
4 0.385937 0.435156 0.303125 0.217188
4 0.194531 0.507031 0.157812 0.251563
4 0.121094 0.578125 0.020313 0.059375
5 0.507031 0.479687 0.010937 0.021875
5 0.199219 0.567969 0.089063 0.135937
5 0.601562 0.551562 0.009375 0.028125
5 0.894531 0.591406 0.014063 0.029687
5 0.710938 0.629687 0.025000 0.071875
6 0.496094 0.589063 0.123438 0.021875
6 0.400781 0.589063 0.029687 0.006250
6 0.296094 0.641406 0.020313 0.007812
6 0.750781 0.692969 0.020313 0.007812
6 0.841406 0.775781 0.035937 0.010937
7 0.556250 0.550000 0.009375 0.021875
7 0.835156 0.598437 0.017188 0.037500
