2 0.942187 0.849219 0.112500 0.242188
2 0.546875 0.790625 0.078125 0.090625
2 0.654687 0.794531 0.121875 0.095312
2 0.039844 0.785937 0.079687 0.053125
4 0.025781 0.649219 0.051562 0.264062
4 0.196094 0.617188 0.260937 0.112500
4 0.633594 0.705469 0.157812 0.142187
4 0.495312 0.749219 0.015625 0.042188
5 0.779687 0.576562 0.106250 0.075000
5 0.890625 0.565625 0.078125 0.053125
5 0.410938 0.700781 0.121875 0.051562
5 0.740625 0.735156 0.040625 0.067187
5 0.837500 0.756250 0.015625 0.018750
6 0.477344 0.942187 0.167187 0.028125
6 0.799219 0.970313 0.123438 0.021875
