0 0.150000 0.601562 0.137500 0.165625
0 0.967969 0.669531 0.060937 0.273438
0 0.888281 0.617188 0.104688 0.131250
0 0.622656 0.629687 0.110937 0.131250
0 0.531250 0.597656 0.015625 0.035937
2 0.659375 0.610938 0.143750 0.112500
2 0.294531 0.639062 0.142187 0.146875
2 0.483594 0.615625 0.085938 0.100000
3 0.425781 0.624219 0.010937 0.026562
4 0.914844 0.053906 0.167187 0.107813
4 0.517969 0.528906 0.145313 0.154688
4 0.859375 0.475000 0.015625 0.025000
5 0.211719 0.366406 0.089063 0.129688
5 0.123438 0.505469 0.009375 0.026562
5 0.647656 0.510938 0.020313 0.015625
