0 0.377344 0.528125 0.092188 0.050000
0 0.254688 0.519531 0.006250 0.029687
0 0.715625 0.540625 0.043750 0.059375
0 0.610156 0.535937 0.020313 0.046875
1 0.300000 0.529687 0.009375 0.015625
3 0.161719 0.526563 0.032813 0.034375
3 0.603125 0.532813 0.062500 0.034375
4 0.392969 0.113281 0.054688 0.054688
4 0.286719 0.483594 0.098437 0.085938
5 0.895312 0.336719 0.181250 0.157812
5 0.761719 0.404687 0.007812 0.046875
5 0.264062 0.475000 0.006250 0.015625
6 0.187500 0.639062 0.034375 0.006250
6 0.740625 0.655469 0.031250 0.004687
6 0.852344 0.764062 0.064062 0.015625
7 0.600781 0.529687 0.064062 0.040625
7 0.250781 0.607031 0.057813 0.085938
