0 0.598437 0.854688 0.018750 0.112500
0 0.208594 0.834375 0.007812 0.025000
2 0.800781 0.882812 0.395313 0.231250
2 0.453125 0.836719 0.037500 0.042188
2 0.330469 0.839844 0.057813 0.017188
2 0.591406 0.879687 0.010937 0.046875
4 0.828125 0.651563 0.212500 0.390625
4 0.688281 0.718750 0.095312 0.228125
4 0.602344 0.761719 0.076563 0.185938
4 0.350000 0.824219 0.012500 0.023438
5 0.941406 0.545312 0.114062 0.103125
7 0.132031 0.839063 0.054688 0.040625
8 0.340625 0.937500 0.087500 0.121875
8 0.057813 0.953906 0.115625 0.042188
