0 0.871094 0.479687 0.017188 0.021875
0 0.617188 0.551562 0.090625 0.081250
0 0.086719 0.568750 0.014063 0.050000
2 0.838281 0.597656 0.320312 0.304688
2 0.388281 0.550781 0.107813 0.042188
2 0.208594 0.557031 0.076563 0.042188
2 0.115625 0.567187 0.093750 0.040625
3 0.714063 0.540625 0.034375 0.043750
3 0.529687 0.549219 0.028125 0.032813
3 0.374219 0.567969 0.007812 0.023438
4 0.992969 0.024219 0.010937 0.045312
4 0.497656 0.435156 0.179688 0.210938
5 0.800000 0.428125 0.075000 0.112500
5 0.332031 0.521875 0.017188 0.018750
5 0.449219 0.533594 0.007812 0.017188
