0 0.310937 0.754687 0.018750 0.096875
0 0.703906 0.746875 0.070312 0.078125
2 0.166406 0.771875 0.282813 0.212500
2 0.489844 0.833594 0.357812 0.329688
2 0.298438 0.771875 0.018750 0.050000
2 0.828906 0.843750 0.095312 0.059375
2 0.803906 0.939844 0.054688 0.117188
3 0.732031 0.807813 0.145313 0.153125
3 0.291406 0.767969 0.020313 0.054688
3 0.813281 0.848437 0.129688 0.203125
3 0.261719 0.854688 0.051562 0.100000
3 0.971094 0.979688 0.054688 0.037500
5 0.359375 0.576562 0.068750 0.206250
5 0.668750 0.649219 0.109375 0.079687
5 0.187500 0.642969 0.031250 0.048438
