0 0.676562 0.637500 0.090625 0.053125
0 0.010156 0.651563 0.020313 0.043750
0 0.148438 0.657031 0.018750 0.039062
2 0.376563 0.683594 0.196875 0.120313
2 0.611719 0.707031 0.270313 0.151562
2 0.164062 0.725000 0.284375 0.178125
4 0.255469 0.583594 0.164062 0.167187
4 0.897656 0.682031 0.201563 0.073438
4 0.065625 0.702344 0.131250 0.067187
5 0.885938 0.425781 0.225000 0.204687
5 0.559375 0.414062 0.093750 0.059375
5 0.355469 0.575000 0.145313 0.037500
6 0.718750 0.815625 0.062500 0.012500
8 0.299219 0.671094 0.032813 0.020313
8 0.053125 0.762500 0.106250 0.100000
