2 0.407031 0.660937 0.148438 0.096875
2 0.704688 0.622656 0.078125 0.014063
2 0.257031 0.634375 0.048438 0.028125
2 0.572656 0.756250 0.170313 0.256250
2 0.839063 0.645312 0.034375 0.028125
2 0.107813 0.690625 0.215625 0.078125
2 0.761719 0.742188 0.117188 0.040625
3 0.979688 0.696875 0.018750 0.034375
4 0.176563 0.584375 0.137500 0.106250
4 0.378906 0.590625 0.257812 0.075000
4 0.657813 0.673438 0.271875 0.171875
5 0.871094 0.536719 0.254688 0.095312
5 0.335156 0.553906 0.026562 0.007812
5 0.071875 0.590625 0.037500 0.040625
8 0.223438 0.721875 0.446875 0.203125
8 0.465625 0.675000 0.159375 0.109375
8 0.167969 0.643750 0.151562 0.037500
8 0.806250 0.821875 0.384375 0.353125
8 0.253125 0.864844 0.506250 0.267188
