0 0.628906 0.541406 0.020313 0.035937
1 0.628125 0.557031 0.018750 0.026562
2 0.698438 0.550781 0.059375 0.054688
4 0.977344 0.289062 0.042188 0.043750
4 0.592969 0.424219 0.251563 0.292187
4 0.613281 0.535937 0.017188 0.050000
4 0.016406 0.554688 0.032813 0.043750
5 0.110937 0.310937 0.150000 0.034375
5 0.985156 0.512500 0.026562 0.062500
5 0.580469 0.529687 0.085938 0.059375
5 0.471094 0.528906 0.029687 0.045312
5 0.842187 0.539062 0.006250 0.015625
6 0.887500 0.631250 0.043750 0.003125
6 0.457813 0.732812 0.118750 0.021875
7 0.605469 0.551562 0.010937 0.028125
8 0.739844 0.550781 0.029687 0.007812
