0 0.675000 0.634375 0.065625 0.181250
0 0.408594 0.656250 0.217188 0.212500
0 0.137500 0.700000 0.156250 0.225000
0 0.202344 0.658594 0.048438 0.139063
2 0.945312 0.560156 0.081250 0.089063
2 0.664062 0.568750 0.175000 0.087500
2 0.488281 0.557031 0.123438 0.039062
2 0.814063 0.581250 0.075000 0.062500
2 0.339062 0.566406 0.071875 0.026562
3 0.692969 0.579688 0.045312 0.043750
4 0.125000 0.148438 0.250000 0.296875
4 0.571094 0.432812 0.235937 0.278125
4 0.210938 0.552344 0.175000 0.095312
6 0.567969 0.692969 0.035937 0.007812
6 0.451562 0.699219 0.037500 0.004687
7 0.146875 0.610938 0.012500 0.018750
