2 0.764062 0.621875 0.103125 0.028125
2 0.616406 0.624219 0.014063 0.010937
2 0.121094 0.669531 0.185938 0.095312
2 0.489844 0.648438 0.120313 0.046875
2 0.306250 0.682813 0.112500 0.100000
4 0.878125 0.401562 0.240625 0.571875
4 0.705469 0.589063 0.154688 0.159375
4 0.234375 0.576562 0.240625 0.125000
4 0.054688 0.605469 0.109375 0.154688
5 0.632812 0.603125 0.106250 0.100000
5 0.851562 0.578125 0.056250 0.046875
5 0.349219 0.592969 0.045312 0.057813
5 0.202344 0.589844 0.020313 0.029687
5 0.006250 0.683594 0.012500 0.023438
6 0.904687 0.747656 0.046875 0.007812
