0 0.169531 0.607031 0.054688 0.082812
0 0.339062 0.583594 0.006250 0.029687
0 0.057813 0.611719 0.087500 0.076563
2 0.503906 0.621094 0.176563 0.201563
2 0.677344 0.605469 0.157812 0.107813
2 0.372656 0.596094 0.060937 0.051562
2 0.212500 0.621094 0.118750 0.092188
3 0.803906 0.641406 0.223438 0.151562
3 0.608594 0.593750 0.010937 0.025000
4 0.182812 0.377344 0.365625 0.470313
4 0.511719 0.403906 0.223438 0.301563
4 0.124219 0.558594 0.010937 0.023438
5 0.826562 0.467969 0.062500 0.057813
5 0.735938 0.496094 0.021875 0.042188
5 0.396875 0.523438 0.043750 0.084375
5 0.114844 0.560937 0.060937 0.143750
5 0.663281 0.546094 0.007812 0.014063
5 0.835156 0.589844 0.023438 0.042188
6 0.341406 0.676562 0.035937 0.003125
7 0.122656 0.625000 0.007812 0.034375
