0 0.930469 0.741406 0.132812 0.123438
0 0.323437 0.728125 0.015625 0.062500
0 0.133594 0.729688 0.042188 0.059375
0 0.012500 0.748437 0.025000 0.087500
2 0.952344 0.722656 0.073438 0.079687
2 0.602344 0.789062 0.435937 0.178125
2 0.850781 0.735938 0.051562 0.059375
2 0.259375 0.732031 0.087500 0.042188
2 0.345313 0.732812 0.037500 0.037500
4 0.346875 0.666406 0.103125 0.098437
4 0.283594 0.675000 0.014063 0.046875
4 0.456250 0.714063 0.006250 0.015625
5 0.585938 0.392188 0.090625 0.075000
5 0.841406 0.502344 0.039062 0.079687
5 0.034375 0.583594 0.068750 0.167187
5 0.201563 0.616406 0.196875 0.167187
5 0.953125 0.622656 0.090625 0.101562
5 0.313281 0.620313 0.004687 0.034375
5 0.784375 0.662500 0.159375 0.081250
5 0.601562 0.675000 0.053125 0.028125
5 0.423438 0.689844 0.037500 0.045312
5 0.934375 0.742969 0.015625 0.060937
7 0.813281 0.753125 0.064062 0.059375
