0 0.548438 0.364844 0.046875 0.064062
1 0.635156 0.386719 0.020313 0.060937
2 0.408594 0.371875 0.132812 0.071875
2 0.617969 0.346875 0.014063 0.021875
2 0.495312 0.350781 0.031250 0.026562
2 0.225781 0.382031 0.095312 0.079687
4 0.382031 0.280469 0.185938 0.148438
4 0.521094 0.314844 0.048438 0.045312
5 0.336719 0.311719 0.095312 0.079687
5 0.422656 0.325781 0.020313 0.020313
5 0.702344 0.373437 0.014063 0.046875
5 0.266406 0.363281 0.014063 0.023438
6 0.432031 0.474219 0.073438 0.020313
6 0.385156 0.569531 0.229687 0.164062
