1 0.926562 0.410938 0.037500 0.034375
1 0.433594 0.432812 0.007812 0.031250
2 0.300781 0.409375 0.185938 0.040625
2 0.896094 0.403125 0.204687 0.025000
2 0.448437 0.410938 0.100000 0.031250
2 0.782813 0.405469 0.015625 0.017188
2 0.039844 0.415625 0.054688 0.034375
2 0.592187 0.407031 0.059375 0.017188
4 0.867969 0.343750 0.201563 0.134375
4 0.983594 0.336719 0.029687 0.117188
4 0.596094 0.364063 0.157812 0.090625
4 0.726562 0.371875 0.093750 0.075000
5 0.104688 0.200781 0.103125 0.242188
5 0.939844 0.336719 0.076563 0.045312
