0 0.167187 0.467969 0.037500 0.035937
0 0.569531 0.523438 0.007812 0.043750
0 0.670312 0.527344 0.006250 0.026562
0 0.950000 0.535156 0.018750 0.023438
2 0.282813 0.595313 0.428125 0.250000
2 0.743750 0.557031 0.268750 0.157812
2 0.950781 0.558594 0.095312 0.057813
4 0.906250 0.157031 0.184375 0.314063
4 0.732812 0.286719 0.018750 0.054688
4 0.860156 0.382812 0.014063 0.015625
5 0.044531 0.274219 0.051562 0.032813
5 0.228125 0.357812 0.050000 0.046875
5 0.840625 0.397656 0.100000 0.107813
5 0.954688 0.372656 0.084375 0.014063
5 0.354687 0.407813 0.021875 0.025000
5 0.850000 0.484375 0.125000 0.053125
5 0.504687 0.472656 0.096875 0.020313
5 0.682031 0.482812 0.045312 0.006250
5 0.969531 0.495312 0.057813 0.015625
7 0.025781 0.539844 0.051562 0.142187
