2 0.350000 0.741406 0.259375 0.207813
2 0.188281 0.692969 0.023438 0.045312
2 0.046094 0.704688 0.076563 0.046875
2 0.534375 0.709375 0.093750 0.056250
2 0.960938 0.754687 0.075000 0.112500
3 0.942969 0.728125 0.054688 0.046875
3 0.203906 0.773438 0.039062 0.081250
3 0.532031 0.824219 0.051562 0.114062
4 0.935937 0.603125 0.125000 0.278125
4 0.650000 0.581250 0.034375 0.084375
4 0.032813 0.705469 0.065625 0.045312
5 0.028125 0.643750 0.056250 0.081250
5 0.175000 0.677344 0.018750 0.045312
5 0.635938 0.682031 0.084375 0.035937
8 0.066406 0.803125 0.117188 0.059375
8 0.578125 0.885938 0.268750 0.206250
8 0.235937 0.874219 0.071875 0.160938
8 0.755469 0.882031 0.251563 0.123438
