0 0.139844 0.708594 0.107813 0.370312
0 0.024219 0.736719 0.048438 0.404687
0 0.481250 0.571094 0.065625 0.064062
0 0.411719 0.631250 0.057813 0.125000
2 0.774219 0.519531 0.120313 0.023438
4 0.084375 0.490625 0.168750 0.221875
4 0.911719 0.464844 0.173437 0.167187
4 0.657813 0.496875 0.221875 0.156250
4 0.250000 0.532813 0.134375 0.137500
5 0.170313 0.467969 0.050000 0.101562
5 0.563281 0.450781 0.007812 0.039062
5 0.289844 0.483594 0.042188 0.023438
5 0.267188 0.565625 0.021875 0.015625
6 0.661719 0.662500 0.042188 0.009375
6 0.290625 0.678125 0.034375 0.006250
6 0.341406 0.771875 0.076563 0.021875
