0 0.918750 0.442969 0.093750 0.270313
0 0.307812 0.432812 0.065625 0.200000
0 0.519531 0.395313 0.060937 0.093750
0 0.792188 0.389844 0.015625 0.064062
0 0.976562 0.407031 0.028125 0.089063
1 0.686719 0.416406 0.035937 0.032813
2 0.572656 0.391406 0.057813 0.051562
4 0.684375 0.310937 0.106250 0.162500
5 0.465625 0.095312 0.031250 0.184375
5 0.435156 0.243750 0.076563 0.100000
5 0.266406 0.281250 0.207813 0.143750
5 0.017188 0.364063 0.034375 0.084375
5 0.451562 0.391406 0.025000 0.089063
5 0.739844 0.407031 0.014063 0.029687
6 0.491406 0.462500 0.032813 0.003125
6 0.714063 0.465625 0.037500 0.003125
6 0.978125 0.637500 0.040625 0.021875
7 0.060937 0.437500 0.046875 0.040625
