0 0.523438 0.593750 0.028125 0.065625
2 0.385937 0.636719 0.250000 0.179688
2 0.187500 0.574219 0.021875 0.023438
2 0.971094 0.604688 0.042188 0.059375
2 0.736719 0.592969 0.060937 0.029687
4 0.164844 0.425000 0.329688 0.378125
4 0.276562 0.491406 0.034375 0.029687
4 0.095312 0.579688 0.137500 0.034375
4 0.724219 0.618750 0.070312 0.028125
5 0.935156 0.474219 0.023438 0.142187
5 0.136719 0.493750 0.039062 0.012500
5 0.611719 0.546094 0.014063 0.029687
5 0.274219 0.540625 0.014063 0.006250
5 0.017969 0.582812 0.007812 0.021875
8 0.161719 0.641406 0.323437 0.073438
