0 0.571875 0.506250 0.056250 0.046875
0 0.685937 0.522656 0.025000 0.060937
0 0.467969 0.514062 0.079687 0.040625
0 0.340625 0.523438 0.028125 0.053125
0 0.217969 0.600000 0.210938 0.200000
0 0.017188 0.612500 0.034375 0.134375
1 0.607812 0.629687 0.109375 0.156250
2 0.796094 0.731250 0.404687 0.534375
2 0.528125 0.512500 0.028125 0.031250
2 0.757812 0.521875 0.043750 0.040625
4 0.417187 0.457813 0.028125 0.065625
5 0.139844 0.142187 0.045312 0.093750
5 0.035937 0.183594 0.071875 0.101562
5 0.905469 0.272656 0.185938 0.170313
5 0.841406 0.375000 0.026562 0.025000
7 0.364063 0.543750 0.012500 0.031250
