0 0.295312 0.387500 0.009375 0.018750
0 0.403906 0.407813 0.007812 0.025000
0 0.981250 0.449219 0.009375 0.017188
0 0.010156 0.625781 0.020313 0.089063
1 0.320312 0.529687 0.009375 0.050000
2 0.146094 0.382812 0.117188 0.043750
2 0.237500 0.408594 0.103125 0.079687
2 0.773438 0.463281 0.084375 0.032813
2 0.946875 0.462500 0.103125 0.031250
3 0.685937 0.473438 0.043750 0.046875
4 0.195312 0.246094 0.128125 0.260937
4 0.063281 0.287500 0.126562 0.159375
5 0.379688 0.389062 0.040625 0.056250
5 0.678125 0.445312 0.015625 0.006250
6 0.221875 0.594531 0.118750 0.085938
6 0.225781 0.681250 0.089063 0.065625
6 0.050781 0.882031 0.101562 0.060937
8 0.965625 0.671875 0.065625 0.175000
