0 0.058594 0.681250 0.107813 0.162500
0 0.205469 0.662500 0.026562 0.087500
0 0.390625 0.660937 0.056250 0.056250
0 0.636719 0.677344 0.039062 0.085938
2 0.017969 0.629687 0.035937 0.078125
2 0.517188 0.674219 0.193750 0.060937
2 0.924219 0.696094 0.148438 0.067187
4 0.303906 0.491406 0.254688 0.329688
5 0.307812 0.553906 0.021875 0.039062
5 0.728906 0.607031 0.089063 0.117188
5 0.666406 0.630469 0.017188 0.082812
5 0.405469 0.615625 0.017188 0.025000
5 0.556250 0.624219 0.065625 0.029687
5 0.253906 0.670312 0.020313 0.043750
6 0.857031 0.842187 0.054688 0.015625
7 0.832812 0.677344 0.018750 0.032813
