1 0.385156 0.690625 0.010937 0.021875
2 0.047656 0.664844 0.089063 0.092188
2 0.197656 0.686719 0.142187 0.101562
2 0.481250 0.690625 0.081250 0.087500
2 0.885938 0.692187 0.053125 0.068750
2 0.657031 0.682813 0.067187 0.037500
4 0.017188 0.558594 0.034375 0.079687
4 0.289062 0.688281 0.046875 0.057813
5 0.708594 0.598437 0.067187 0.171875
5 0.569531 0.585938 0.017188 0.050000
5 0.380469 0.626563 0.110937 0.115625
5 0.239844 0.603906 0.089063 0.060937
5 0.101562 0.633594 0.025000 0.007812
7 0.585938 0.675000 0.021875 0.015625
