0 0.930469 0.382031 0.020313 0.135937
0 0.733594 0.402344 0.110937 0.142187
0 0.086719 0.385156 0.098437 0.089063
0 0.244531 0.373437 0.023438 0.034375
0 0.649219 0.386719 0.020313 0.051562
0 0.430469 0.403125 0.004687 0.043750
2 0.548438 0.403125 0.103125 0.075000
2 0.237500 0.689063 0.475000 0.618750
4 0.530469 0.266406 0.170313 0.279687
5 0.396094 0.216406 0.098437 0.251563
5 0.610938 0.335938 0.009375 0.012500
7 0.921875 0.384375 0.025000 0.068750
7 0.733594 0.385156 0.010937 0.035937
7 0.422656 0.409375 0.004687 0.021875
