0 0.713281 0.850000 0.067187 0.178125
2 0.483594 0.673438 0.026562 0.084375
2 0.384375 0.828125 0.150000 0.156250
2 0.576562 0.804688 0.096875 0.106250
2 0.663281 0.826562 0.039062 0.043750
3 0.217969 0.810156 0.060937 0.135937
3 0.145313 0.910937 0.153125 0.175000
3 0.482031 0.876563 0.035937 0.106250
3 0.639062 0.839063 0.046875 0.031250
4 0.036719 0.437500 0.073438 0.596875
4 0.412500 0.650000 0.056250 0.040625
4 0.200000 0.756250 0.018750 0.012500
5 0.592969 0.843750 0.014063 0.053125
6 0.632812 0.953906 0.068750 0.014063
