0 0.289062 0.674219 0.050000 0.085938
0 0.648438 0.660937 0.015625 0.025000
2 0.052344 0.678125 0.104688 0.065625
2 0.577344 0.695312 0.182812 0.081250
2 0.780469 0.688281 0.135937 0.064062
2 0.876563 0.689844 0.050000 0.057813
4 0.910937 0.556250 0.156250 0.240625
5 0.959375 0.653906 0.050000 0.051562
5 0.412500 0.655469 0.040625 0.017188
6 0.774219 0.764844 0.092188 0.035937
6 0.644531 0.754687 0.039062 0.006250
6 0.514062 0.801562 0.153125 0.078125
7 0.156250 0.687500 0.015625 0.040625
7 0.296094 0.697656 0.026562 0.057813
