0 0.524219 0.576562 0.101562 0.156250
0 0.263281 0.621875 0.123438 0.218750
0 0.941406 0.532031 0.010937 0.039062
0 0.754687 0.528906 0.012500 0.020313
0 0.646875 0.551562 0.021875 0.059375
1 0.331250 0.570312 0.053125 0.065625
2 0.847656 0.532813 0.135937 0.131250
2 0.566406 0.539844 0.095312 0.048438
4 0.396875 0.352344 0.200000 0.579688
4 0.253125 0.140625 0.012500 0.018750
4 0.303906 0.460938 0.001563 0.087500
5 0.902344 0.481250 0.048438 0.115625
5 0.541406 0.504687 0.014063 0.021875
5 0.454688 0.604688 0.028125 0.018750
5 0.390625 0.679688 0.050000 0.040625
6 0.717187 0.685937 0.053125 0.012500
7 0.590625 0.564844 0.021875 0.045312
