2 0.057031 0.687500 0.114062 0.062500
2 0.613281 0.699219 0.120313 0.023438
2 0.415625 0.701562 0.046875 0.025000
2 0.703906 0.706250 0.020313 0.018750
4 0.134375 0.610938 0.200000 0.231250
4 0.320312 0.633594 0.165625 0.232813
4 0.857031 0.639844 0.282813 0.160938
4 0.661719 0.663281 0.104688 0.085938
4 0.796875 0.696094 0.006250 0.035937
5 0.141406 0.346875 0.107813 0.159375
5 0.150000 0.566406 0.128125 0.267188
5 0.522656 0.664062 0.007812 0.015625
5 0.750000 0.691406 0.012500 0.010937
8 0.849219 0.739844 0.298438 0.048438
