0 0.990625 0.436719 0.012500 0.054688
0 0.809375 0.448437 0.084375 0.062500
0 0.205469 0.539062 0.060937 0.231250
0 0.612500 0.463281 0.093750 0.073438
0 0.477344 0.476562 0.098437 0.075000
0 0.318750 0.492188 0.078125 0.078125
2 0.750000 0.444531 0.200000 0.045312
3 0.180469 0.516406 0.129688 0.095312
4 0.139844 0.235156 0.279687 0.470313
4 0.621875 0.415625 0.078125 0.028125
4 0.119531 0.511719 0.017188 0.042188
5 0.490625 0.421094 0.243750 0.142187
5 0.860938 0.399219 0.012500 0.010937
5 0.412500 0.456250 0.068750 0.081250
5 0.554688 0.451562 0.050000 0.068750
6 0.103125 0.836719 0.078125 0.035937
6 0.347656 0.855469 0.164062 0.064062
7 0.621875 0.458594 0.006250 0.029687
