1 0.771094 0.569531 0.023438 0.017188
1 0.949219 0.616406 0.042188 0.057813
2 0.575000 0.579688 0.150000 0.062500
2 0.921875 0.575781 0.078125 0.051562
2 0.342969 0.581250 0.054688 0.056250
2 0.726562 0.576562 0.075000 0.043750
4 0.353906 0.417187 0.257812 0.381250
4 0.555469 0.514062 0.139063 0.143750
5 0.910937 0.174219 0.162500 0.173437
5 0.635938 0.464062 0.106250 0.150000
5 0.004687 0.488281 0.009375 0.154688
5 0.217188 0.489844 0.012500 0.085938
5 0.399219 0.467187 0.007812 0.018750
5 0.919531 0.532813 0.157812 0.131250
