2 0.717969 0.632812 0.242188 0.075000
2 0.892969 0.611719 0.017188 0.026562
2 0.505469 0.621094 0.045312 0.026562
2 0.232031 0.641406 0.210938 0.045312
2 0.069531 0.677344 0.139063 0.060937
4 0.827344 0.484375 0.342187 0.496875
4 0.399219 0.546094 0.151562 0.145313
5 0.941406 0.230469 0.114062 0.210938
5 0.664844 0.533594 0.023438 0.026562
5 0.840625 0.595313 0.009375 0.031250
5 0.378125 0.631250 0.015625 0.018750
6 0.644531 0.694531 0.060937 0.023438
6 0.914844 0.739844 0.057813 0.007812
7 0.560156 0.621094 0.010937 0.023438
