0 0.314063 0.580469 0.015625 0.014063
0 0.174219 0.602344 0.035937 0.054688
0 0.461719 0.630469 0.023438 0.045312
0 0.588281 0.639062 0.007812 0.018750
1 0.414844 0.658594 0.039062 0.060937
2 0.244531 0.710938 0.342187 0.268750
2 0.667188 0.655469 0.065625 0.067187
2 0.892188 0.773438 0.212500 0.293750
4 0.085938 0.030469 0.171875 0.060937
4 0.628125 0.560156 0.112500 0.185938
4 0.932031 0.589844 0.132812 0.223438
5 0.535156 0.318750 0.039062 0.025000
5 0.261719 0.481250 0.126562 0.218750
5 0.608594 0.438281 0.020313 0.029687
5 0.076563 0.456250 0.106250 0.059375
5 0.916406 0.507812 0.023438 0.028125
5 0.562500 0.575000 0.059375 0.062500
5 0.707812 0.583594 0.084375 0.064062
5 0.770312 0.596094 0.021875 0.073438
5 0.421094 0.610156 0.045312 0.092188
6 0.440625 0.757031 0.062500 0.010937
