0 0.353125 0.607031 0.021875 0.089063
0 0.560937 0.605469 0.015625 0.039062
1 0.664062 0.614844 0.012500 0.029687
1 0.877344 0.690625 0.067187 0.068750
2 0.172656 0.669531 0.345313 0.276562
2 0.454688 0.617188 0.131250 0.115625
4 0.636719 0.546094 0.067187 0.229687
4 0.511719 0.542188 0.048438 0.109375
4 0.013281 0.523438 0.026562 0.031250
5 0.584375 0.336719 0.028125 0.045312
5 0.141406 0.399219 0.023438 0.085938
5 0.078906 0.420312 0.067187 0.071875
5 0.933594 0.479687 0.129688 0.081250
5 0.317188 0.492969 0.075000 0.070312
5 0.775000 0.512500 0.175000 0.071875
5 0.067969 0.523438 0.032813 0.018750
5 0.584375 0.601562 0.009375 0.018750
7 0.547656 0.607031 0.007812 0.020313
