0 0.100781 0.757812 0.126562 0.212500
1 0.488281 0.783594 0.120313 0.117188
2 0.125781 0.729688 0.251563 0.053125
2 0.383594 0.748437 0.242188 0.056250
2 0.564844 0.765625 0.073438 0.040625
3 0.780469 0.803906 0.032813 0.057813
4 0.292969 0.652344 0.226562 0.176563
4 0.205469 0.698438 0.060937 0.065625
5 0.867969 0.453906 0.042188 0.073438
5 0.815625 0.525000 0.150000 0.100000
5 0.876563 0.633594 0.100000 0.104688
5 0.679688 0.646875 0.090625 0.084375
5 0.199219 0.675000 0.010937 0.012500
5 0.069531 0.691406 0.010937 0.023438
5 0.899219 0.707812 0.107813 0.046875
5 0.632812 0.718750 0.031250 0.031250
5 0.979688 0.725000 0.012500 0.012500
5 0.742188 0.738281 0.018750 0.014063
