0 0.035156 0.595313 0.039062 0.143750
0 0.878125 0.574219 0.103125 0.064062
0 0.625000 0.578906 0.012500 0.032813
2 0.214844 0.667188 0.429688 0.246875
2 0.589063 0.588281 0.062500 0.067187
3 0.794531 0.630469 0.326562 0.139063
3 0.015625 0.607812 0.031250 0.087500
3 0.498437 0.592187 0.071875 0.043750
4 0.970313 0.192188 0.056250 0.121875
4 0.576562 0.421875 0.240625 0.343750
4 0.817969 0.592187 0.010937 0.034375
5 0.975000 0.507031 0.046875 0.085938
5 0.335938 0.486719 0.015625 0.014063
5 0.691406 0.533594 0.039062 0.007812
5 0.264844 0.546875 0.020313 0.021875
7 0.971875 0.642188 0.053125 0.206250
