0 0.525000 0.644531 0.012500 0.042188
2 0.960938 0.542969 0.062500 0.029687
2 0.714063 0.588281 0.118750 0.042188
2 0.501563 0.628125 0.031250 0.015625
2 0.301563 0.678906 0.106250 0.045312
2 0.079687 0.724219 0.159375 0.067187
4 0.923438 0.503125 0.128125 0.081250
4 0.631250 0.573438 0.015625 0.031250
4 0.896094 0.590625 0.204687 0.050000
4 0.060156 0.659375 0.120313 0.168750
4 0.535156 0.598437 0.010937 0.046875
7 0.429688 0.667969 0.065625 0.057813
7 0.369531 0.682031 0.023438 0.045312
7 0.233594 0.683594 0.007812 0.017188
